-0.14875306
1.1257491
-0.23747794
-0.0893894
0.36588877
-0.62487644
0.2829433
-0.0032976477
0.10990488
0.4077283
-0.013972766
-0.5152187
1.0337102
0.7114596
-0.6358206
-0.15656832
0.47174484
-0.41779655
0.1773376
-0.0050916136
0.3605741
0.7434304
-0.6536971
0.3996766
0.680347
-0.298646
-0.8042622
0.06886497
-0.53832084
0.69435847
-0.030994121
-0.6696662
0.1145248
-0.025817059
-0.43701464
-0.2451204
0.27411354
0.36459768
-0.1180707
0.73532933
-0.63971543
0.23686215
-0.14481512
0.11898977
0.40323672
0.5378822
-0.4535763
-0.15167026
-0.37798834
-0.65069455
0.5993197
0.4044477
-0.3533451
0.5203907
-0.83759713
0.048792847
-0.10290282
0.56519866
-0.6345637
0.22590977
-0.030947097
-0.30462992
-0.32076246
0.52892196
-0.98329735
0.61376417
0.1621366
0.29391947
0.34640956
0.24170409
-0.01445619
-0.1613654
-0.11911408
0.8979637
-0.7130703
-0.49362522
-0.960588
-1.0745826
0.27503046
0.17943041
0.30183536
0.05708153
-0.049467318
0.4923675
-0.78615683
0.029465618
-0.6395918
-0.7335667
-0.17618439
0.103445955
-0.80425334
1.1881074
-0.7443155
0.5445527
0.2523533
-0.522048
0.3886858
0.23381124
0.39251477
0.010229931
0.04467026
0.19471611
-0.72712666
0.33507815
-0.6458297
0.16775326
-0.7600765
-0.09340755
-0.114894025
0.016604302
0.42265204
0.07128722
0.8571657
0.6492549
0.04638892
-0.5277696
0.41611746
-0.68255645
0.3265727
0.0040838006
0.8524398
0.16897094
-0.33142838
-0.60431653
0.60704774
0.3106406
0.5050319
-0.9513641
0.3385465
-0.85142595
-0.7765651
0.038446005
-0.7908712
-0.2935473
0.17748484
0.38148287
-0.26497212
1.2027712
-0.716228
0.40401018
0.74487114
-0.0035025796
0.816018
0.26910016
-0.44511834
0.1694487
-0.79522187
0.13149756
-0.09157917
-0.6950674
0.67514795
0.54821634
-0.48844647
0.29766765
0.10714205
0.722123
0.080560125
-0.5833201
0.73780334
0.1223798
-0.9880488
0.40131697
-1.0446105
-0.20888421
-0.11942986
0.41457015
-0.49573722
-0.09935718
0.7500143
0.89278793
0.5190911
-0.16447847
-0.0010836013
-0.03469559
0.4258284
0.38785106
-0.3482565
-0.8804463
-0.15592226
0.272277
0.91471153
-0.22162966
-0.45919773
-0.32340464
-0.0402811
-0.061369155
-0.11510841
0.35939485
-0.14976834
0.5804166
0.54105085
-0.12893465
0.031851593
0.22803973
0.20620434
0.24549258
0.048217233
-0.5940386
0.07080809
0.862566
-0.6860349
-0.7132834
0.63738286
-0.76023024
0.049871434
-0.33768463
0.07314353
-1.1005524
-0.10109157
0.037757132
0.8255689
0.45042437
0.21549341
0.2772199
0.018424943
0.2804536
0.39136428
-0.22856916
-0.8965385
0.13061924
-0.09788947
0.8472356
-0.47303805
0.06817549
0.53648573
0.7514892
0.30403078
-0.5850158
0.50195193
-0.13014151
-0.6773232
-0.45902988
-0.88862944
-0.18613745
-0.34844592
-0.53962415
1.2338679
0.06969783
-0.6427539
0.2693077
0.25489917
-0.8603675
0.4905882
-0.21730825
-0.71176016
0.31616685
-1.1090593
0.29122433
0.18802834
-0.46278095
0.33382303
0.21122758
0.406029
-0.81783795
-0.6495993
0.19060612
0.10010037
0.5127891
0.4490602
-0.5020037
0.26832986
0.55997133
0.0084330095
-0.9568569
0.46034673
0.21958718
-0.29880136
-0.108500645
0.79845524
-0.11790862
0.2644977
0.61989367
0.23809217
0.15475269
0.45755908
-0.7158234
0.20040314
-0.4025058
-0.6498634
0.6833314
-0.8435595
-0.060979344
0.25786155
0.5341365
0.33176306
-0.5277605
-0.7223907
0.4720688
-0.47934094
-0.41025394
-0.041664116
-0.35453102
0.060712364
0.07238446
0.39550054
0.25609928
-0.1366531
0.5558672
0.64650685
-1.031947
-0.55053663
0.44075793
-0.42966798
0.07230237
0.22511695
-0.040917475
0.20784101
-0.25865227
0.53447384
0.040266197
0.27423465
0.2784389
-0.14233094
0.114357166
0.06552229
-7.246235E-4
-0.75710976
-0.10022722
-0.1698215
0.062094864
0.06849456
0.23142502
-0.8610012
-1.0677605
-0.6872692
1.0604389
-0.38717142
0.5132245
-0.44969907
0.3110717
0.3522036
-0.7672145
-0.21381314
-0.6930243
-0.48967028
0.14971419
-0.7659328
0.015652841
0.3531998
0.7721724
-0.22495602
0.25196624
-0.33316562
0.19247252
0.33118317
-0.6949658
0.62159026
0.10659799
0.4812074
-0.62850744
0.5714291
0.43871832
-0.34719673
0.018838348
0.743229
-0.28929543
0.017660446
-0.67746544
0.38280892
0.30226743
-0.7476229
1.1582907
-0.23829906
0.025456037
-0.5772418
0.041712373
0.16082439
0.14214821
-0.68886673
0.12201527
0.11781172
-0.19265647
0.8212047
-0.6218812
-0.19797948
0.75298524
-0.13224752
0.32187873
-0.43515378
-0.34340873
-0.24852534
-0.26198298
1.3883417
-0.1285121
-0.072840214
-0.43155944
0.6383566
0.35278755
-0.38080004
0.2470487
-0.55186146
0.013201998
1.1993182
-0.3741191
-0.4098588
0.7745826
0.3236856
1.0186741
-0.37165385
0.28883764
-0.67054456
0.2818782
-0.6753219
-1.0141159
0.0091922255
0.23022749
-0.608501
-0.13461706
0.8415471
-0.59660304
0.3052948
-0.48049545
-1.1483188
0.79238254
0.59234
-0.1551315
-0.08971904
-0.65186846
0.2722411
0.47378013
-0.14696993
0.590371
-0.5407318
0.06238424
0.26999187
-0.92749095
0.114175536
0.3489885
-0.41164145
0.59891856
-0.124038145
-0.19106068
0.17192255
-0.46140245
0.5055805
0.10752785
-0.73528963
0.3832906
-0.004017312
-0.3280298
-0.6689494
0.55522174
0.5994917
0.011770599
0.35878238
-0.24121225
-0.3174294
-0.69747096
0.13236305
-0.1932107
0.5271209
-0.27131665
0.31748405
-0.0145500265
0.4275291
-1.1392311
-0.39680755
-0.5391838
0.6249743
-0.67968845
0.7347428
0.08367573
-0.36963075
1.0457758
-0.37562156
-0.13767143
0.8080989
-0.2780314
0.62765753
-0.6739806
-0.11293617
0.52434003
-0.22409625
0.2696027
-0.74545896
-0.07355517
-0.54914445
-0.08444264
0.6659168
-0.9462371
0.46287578
0.22739694
-0.47421363
0.098040275
0.2534782
-0.47144142
0.9356278
-0.36256173
-0.30199555
-0.04218485
0.24305509
0.32550514
-0.39892668
-0.09414358
0.49720234
-0.022947766
-0.33037424
-0.5265213
0.51734304
-0.158824
0.2711636
0.04512944
0.16025235
-0.2486932
0.90599734
-0.54383063
0.23681489
-0.48604903
0.6519394
0.35631895
-0.039581776
0.40613127
0.21225521
-0.059529703
0.7772133
0.21869688
-0.2934572
1.0831388
-0.39848205
0.18478027
-0.38534823
0.44712183
-0.27621332
0.72828376
-0.48089057
-0.6473097
-0.5711825
0.19898263
-0.74023753
0.7762327
0.6989029
0.013650734
0.60160387
-0.70614594
0.09594232
0.26247072
0.42104992
-0.19478273
0.15672848
0.027432876
0.45027024
-0.39648926
-0.18685146
0.82648236
-0.26782063
-0.78908813
-0.91314554
0.7431311
0.49456903
-0.47795245
-0.5257022
0.008159052
0.54847157
0.5861899
-0.85101527
0.12758337
-0.28499484
0.49829414
0.8870972
0.13853091
-0.07082654
0.42731428
-0.8893819
0.48206776
-1.0887387
0.47838098
-0.6181463
0.31101656
-1.0701176
0.012294165
0.476013
0.46966574
0.21218808
-1.222324
-0.107102886
0.64418423
0.019307898
-0.18316577
-1.0147055
0.3988466
-0.09995039
-0.13034204
0.07188982
-0.22757207
0.36347887
0.17217585
-0.40014008
0.0986784
-0.929293
0.62632036
-0.31224263
0.88581383
-0.61425644
0.3646117
-0.11144035
-0.7923248
-0.4415642
0.4253156
-0.65127265
0.22559956
-0.10043944
0.5848261
0.37485108
-0.5294355
0.4171922
-1.3309001
0.41329283
0.055287622
0.46262947
0.8901645
-0.19306095
0.28987122
-0.08830742
-0.58432895
0.6309053
-0.17887466
0.010472906
0.1311948
0.28979123
0.26302478
-0.061698265
-0.4418446
-0.69015235
0.030913105
0.18126
-0.8322929
0.20007268
0.49713555
0.3575713
-0.1012522
-0.11071759
0.31111884
-0.18041591
0.3187864
-0.8453591
0.95206875
0.52503127
-0.32970917
-0.56737113
0.5368793
-0.727039
0.32397106
0.48185986
-0.62693614
-0.19238976
-0.8667077
0.24944258
0.8686616
-0.2971004
-0.31577364
0.5540745
0.2609588
0.6208493
0.6847246
0.56704605
-7.5507216E-4
-0.7307739
0.5898877
0.3477815
-0.26302096
0.09597196
0.1030711
0.73954433
-0.30351576
-0.1388561
-0.11760135
-0.62764573
-0.2962802
-0.2916326
0.42206562
0.32756856
0.0994375
0.30592006
0.560809
-0.83991855
0.42711717
-0.709032
0.9207528
-0.87291443
0.6559302
0.10114548
0.030793736
-0.08001327
0.22340797
-0.057207286
0.22076665
0.046964154
0.054555006
-0.39473143
0.4709326
-0.1025522
-0.1477955
-0.47406054
0.1155554
0.5291504
-0.6289012
-0.25212893
-0.46045557
-0.3516564
-0.0978743
-0.69135255
0.3167999
0.2465618
-0.881025
-0.19272104
-0.8422011
0.4353889
-0.6753566
0.70130134
0.48491144
-0.6166013
-0.5450058
-0.31027758
0.82339275
0.1040654
-0.8348306
-0.44495073
-0.15543406
0.094662756
-0.09735656
-0.39310634
0.22787513
-0.45392472
0.5953387
-0.9800862
-0.032468468
0.0854858
0.58325064
0.78487885
-0.066328414
0.4750081
0.12213238
0.15734205
-0.36919773
-0.7276308
0.2761929
-0.1284183
-0.39465424
-0.5606098
0.4406076
-0.50006
-0.048528984
0.17854594
-0.44144818
-0.09185623
-0.42857113
-0.37739298
-0.4799869
0.3654159
0.4126128
0.23332484
-0.054677974
0.10200845
-0.47584584
0.49019128
0.29697388
-0.8118344
-0.06944636
-0.35462126
0.51399815
-0.19245093
-0.3648636
0.4788519
0.4158189
-0.24856968
-1.0429662
0.84046245
0.60584515
0.8235357
0.47291192
-0.43949136
0.38651165
-0.017715396
-0.45729566
-0.0034444781
-0.6899768
0.44665325
-0.14729021
-0.68801856
-0.090489626
0.074992284
0.27423376
0.6988503
0.44747338
0.21645187
-0.22570163
0.42549977
-0.7666822
0.5188076
0.4674254
-0.46650678
-0.09283279
-0.5307757
0.14855233
-0.68163735
0.105467595
0.4533731
-0.022546705
0.47110248
-0.013064971
0.44495478
-0.0843076
0.054446425
0.39818624
-0.24915299
0.8892521
-0.29385313
0.42606014
-0.4871069
0.08773812
0.17945513
-0.11433685
-0.0097704185
0.2115308
-0.5618139
0.38776496
0.19281866
-0.09278067
-0.6495124
0.23075931
0.19019657
0.081389256
0.5300848
-0.14797227
0.2738042
0.7727155
-0.77621317
0.57571745
-0.3633211
0.6848558
-0.06767704
-0.39554837
-0.044722427
0.5092996
-1.3162048
0.81023973
0.026993487
0.089217894
0.39001018
0.403801
0.27658096
-0.38061655
0.41079518
0.9451624
0.26710725
-0.016513446
0.34712672
-0.8284151
0.092277534
0.65254605
-0.61293644
0.7732976
0.5168003
-0.7928289
0.3082909
-0.0310619
0.3125138
0.1230758
-0.30759382
0.008316339
-0.045601945
0.14125614
-0.15266946
0.3074904
-0.75207794
-0.25306708
0.1814447
-0.3428054
0.7149042
-0.29496074
0.3985877
-0.5928061
0.6445501
-0.24343035
0.32088968
-0.72081035
-0.21087475
-0.11863045
0.009282147
0.02664426
-0.18730491
0.123555824
-0.29757494
0.5784342
-0.4467346
0.38403532
0.2520847
-0.49546376
-0.37912074
-0.58351654
0.6260983
-0.03630366
0.07468242
-0.28886953
-0.3836424
0.20705926
-0.10297298
0.7650412
0.06479042
0.88506246
-0.36168274
0.01878233
-0.8963944
-0.6245144
0.036344193
0.32468426
-0.51885355
-0.6776355
0.41964737
0.33156383
-0.4653311
0.57144547
-0.36217144
-0.4862921
0.02969037
-0.2632877
-0.3377291
-0.7584751
0.32186058
-0.23656635
0.3069619
-0.33580044
0.039803848
0.22603434
0.11768911
0.4417555
-0.60638016
-0.13251927
0.23964821
0.17023285
0.030671969
-0.22102223
0.53468776
-0.4850196
0.4798313
0.32828468
-0.033665463
0.07315048
0.2280145
-1.0872484
0.29971334
0.11847847
0.6824889
-0.39668134
0.1526585
0.050571285
-1.0361128
0.6964303
-0.41188163
0.015413019
0.12286598
0.0054405546
-0.5519834
0.52574843
0.30294925
-0.02700337
-0.06247716
0.25045046
-0.13680595
0.5063747
0.3129784
-0.9550125
0.8198448
-0.48824993
-0.2145611
-0.010144311
0.25697038
0.20871904
-0.6573131
0.14548056
0.26523829
-0.13454303
-0.03450739
-0.82580537
0.93453485
0.13871865
0.44181466
0.1664495
-0.18902895
-0.4290741
0.71915305
0.12264292
0.06575566
0.21610369
0.087589726
0.42224878
-0.9362861
0.2856521
-0.048785243
-0.76461613
0.55908936
0.6538905
-0.3887632
-0.15625872
-0.06248641
0.27236846
-0.018692764
-0.38481885
-0.647575
-0.39579856
0.60698223
-0.6216256
0.48040286
0.31293905
-0.41912863
0.03317466
-0.23573004
0.8694308
0.12913348
0.33749333
0.17067702
0.31171438
0.37224156
-0.46434817
0.32643953
0.26875833
-0.2769021
0.795713
-0.6069111
0.59635735
-0.40735447
0.16961062
-0.40205893
0.5602524
-0.6073907
-0.08914933
-0.86839914
0.5016494
0.0053307624
-0.15050995
0.63407916
-0.5827682
0.006582553
-0.24537294
-0.12918998
0.352724
0.522699
-0.36216268
-0.6256889
-0.028705826
0.46667144
-0.26830184
-0.3295832
-0.21307427
-0.12694651
0.74773675
-1.0563622
0.37719488
-0.27446082
-0.36907685
0.13920742
-0.44482747
0.3443095
0.5250249
-0.32047027
-0.3357639
0.44017142
0.73289025
0.45339262
0.345772
-0.30821785
-0.49647447
0.5461248
0.27420473
-0.55638486
0.5306815
-0.15434058
-0.6502494
0.28279746
-0.2867896
-0.4379511
0.3375727
0.033546988
-0.19453189
-0.09334068
-0.030516006
0.061764695
0.109328315
-0.09898376
-0.20738113
-0.25901866
0.4008482
-0.5358356
-0.034670293
0.35796234
-0.2498918
0.31444472
-0.31343576
0.22378346
0.38228142
0.26924062
-0.1410939
0.97020924
0.43317395
-0.046260852
0.006884347
0.49156943
-0.18169713
0.10656267
0.65859324
-0.060966287
-0.21265027
-0.3152462
0.28493884
0.0338621
0.4929607
-0.81694025
-0.854383
0.5516625
-0.5511887
0.3939579
0.25326487
-0.3338126
-0.09866519
-0.33319193
0.1316245
-0.011275787
0.2952316
0.7184889
0.77121294
-0.055206794
-0.24510773
-0.3919909
0.11237678
-0.38068748
-0.32208803
-0.36551166
-0.095010765
-0.4357243
0.20255819
-0.6362261
0.75861824
-0.5893431
0.4603439
0.21604401
0.36304772
-0.53361696
0.44334382
0.73682
-0.1285316
0.098211244
0.6026297
-0.29449442
0.32827786
0.39700562
-0.3670221
-0.18227161
0.51279074
0.63194567
-0.40720072
-0.44726834
-0.74363875
-0.6313685
0.15599965
-0.032425534
0.52148956
-0.23610052
-0.5353269
-0.2277382
0.15418248
-0.01943161
-0.38283128
-0.18478659
-0.41488165
0.4466387
-0.41727597
0.2653529
-0.28787148
-0.56036335
-0.06617722
0.3036552
0.018468823
-0.66452134
-0.3051402
-0.35210973
-0.48087198
0.52527255
0.010723016
-0.2428468
-0.34710556
0.10418277
-0.55444986
-0.7443201
-0.22308965
-0.5337412
0.6876886
0.535289
-0.72157156
-0.21776484
-0.32295203
0.94144124
-0.96464473
-0.6133928
0.2807837
-0.62120914
-0.7627417
-0.030122045
0.21414022
-0.67668265
0.14987569
0.4483176
-0.98144466
0.18171735
0.3886088
-0.27849495
0.42926645
0.23609516
0.6755754
-0.35431334
-0.35644105
0.19302428
-0.47470853
0.22253102
-0.818694
0.36088216
0.53949505
0.51915777
-0.11825541
0.33001074
-0.4124977
0.1273311
-0.1583236
-0.13303936
-0.2766689
0.8866869
-0.53117186
-0.039622787
0.44332337
0.3523561
0.072395965
0.3974579
0.47240305
0.35791734
0.454495
-0.22306025
0.076132335
0.570168
-0.15948424
0.78804654
-1.0764345
0.15062268
-0.77378964
0.10755855
-0.17976716
-0.5015926
0.28293708
0.23529364
0.3335131
0.27085912
0.31816676
-0.11008212
0.07172316
0.2062335
-0.07832422
-0.65277904
0.056553066
0.35156423
-0.8262622
0.19736513
-0.10973688
0.39358583
-0.45809254
0.33950388
-0.26255548
-0.4957254
0.2649018
0.18945529
-0.73998606
-0.64955884
-0.0032271578
-0.61423653
-0.6538417
-0.031043008
0.304505
0.1932594
-0.7415167
-0.1869902
0.48577863
-0.57176524
0.7597423
-0.25799134
-0.13787095
-0.73968804
0.6136863
0.45015588
0.78679913
0.15543735
-0.081207395
-0.4872671
0.47523957
0.039260007
-0.73363966
-0.039721277
0.055297866
0.037726782
-0.3824156
0.4582768
-0.43600368
-0.53483415
0.32408142
-0.24434307
-0.20109357
-0.16615517
-0.33561713
-0.5506158
0.36701298
-0.21759056
0.06145962
0.04715291
0.010266917
-0.6237078
-0.48529974
-0.1846475
0.07311826
0.008231862
-0.8531133
-0.38820782
-0.57760704
0.49337435
-0.6278388
-0.37265462
-0.048819005
-0.56345236
0.63738513
-0.2860897
0.37800592
0.016457533
-0.13827313
0.51830715
-0.8517143
0.58839566
-0.18745138
0.52119476
0.94917655
-0.6620147
0.07539945
0.8214297
-0.6769237
-0.35100472
0.5487991
0.65746796
0.33519045
0.2942131
-0.45372716
0.4658426
-0.5145652
-0.18353601
0.5611547
-0.9436542
-0.8820135
0.119514845
0.378142
0.33270434
-0.55262494
-0.9424708
0.6449808
-0.034820326
-0.01984354
0.21869212
-0.5867468
0.7524067
-0.14392427
1.1445524
-0.44623145
0.25979358
0.3567792
-0.25157958
-0.16906105
-1.0410204
-0.30518618
-0.3798696
0.16358708
-0.620476
0.38531592
-0.5424662
0.03409462
0.1749116
-0.81260335
-0.10088248
1.0626076
-0.059553657
-0.010851774
-0.65965617
-0.19429526
-0.19679232
-0.56098396
0.5007924
-0.113471895
0.10444552
-0.33483952
0.26743722
0.49008885
0.4362839
0.7161604
-0.7717641
0.029787771
-0.025128633
-0.64529395
0.31364208
-0.38457915
0.5213256
0.14733429
-0.50519717
0.15082821
-0.68380326
0.49358523
-0.91006875
-0.36894286
-0.102468036
-0.02263378
0.46774366
-0.6827445
0.51759094
0.08149331
-0.6435089
0.15223166
0.35805738
0.3257724
0.6275593
-0.8178316
-0.32901892
-0.2195297
-0.26671216
0.12972198
-0.62404543
0.9973771
-0.39429948
-0.006217545
0.63488185
0.04002635
-0.16020015
0.15154034
0.5246746
0.024502093
-0.40971538
-0.28731754
0.41223037
0.13595715
0.58639425
-0.032978125
0.026526688
-0.16131501
-0.028935617
-0.8387292
-0.45334157
0.119200855
-0.12838927
-0.21828093
-0.14687021
-0.37874442
0.29175082
0.28688702
0.05472591
-0.040869355
0.03148885
-0.25387755
0.6267508
0.0023353253
-0.3578685
0.24414617
0.09731604
-0.34175542
0.16379876
0.47980028
-0.904101
0.8754339
-0.28508645
0.734415
0.64384526
-1.0961884
0.047802687
0.04788773
-0.1395854
0.27346534
-0.059514236
0.68538624
-0.8509862
0.2094673
1.1576855
-0.359257
-0.19122078
-0.49414697
-0.3404517
0.431769
-0.11219363
0.27370209
0.08381262
0.7543366
-0.10284134
0.9121519
-0.29191935
0.037460152
-0.1569018
0.14392048
0.7226605
0.15618388
-0.296497
-0.3989295
0.072064154
-0.6419762
0.47687468
-0.05508771
-0.42522612
-0.59004503
0.47003978
-0.26410607
-0.11068264
0.028593132
0.23093267
-0.18701844
-0.2534107
0.29172933
-0.17667638
-0.37717286
0.35938686
-0.15878877
0.21251938
-0.026419625
-0.6315064
-0.06126703
-0.11234377
-0.5570211
-0.51873344
-0.17658144
-0.1852419
0.5745858
0.88689286
-0.5008525
0.031888776
-0.3013447
0.28337207
-0.43860835
0.4239065
0.6717939
0.65145546
-0.23469119
0.40419924
-0.5054642
-0.57348275
0.42265642
-0.31191805
-0.16494317
-0.096906774
0.63515294
0.23473723
0.37952197
0.83857334
-0.79155123
0.14980888
-0.57064277
0.051522516
-0.64838064
-0.5067533
-0.3961412
-0.036311235
0.42387396
-0.7547651
-0.35399762
-0.096072525
-0.010120033
-0.27854642
0.0056309425
-0.245829
0.39456946
0.12951575
0.38254026
0.1390597
-0.7361409
-0.2342916
0.2859219
0.38128212
-0.24869975
0.3331278
-1.0360858
0.17468463
-0.35974976
0.44979528
0.41594884
0.7187405
0.4811628
0.5336601
0.29839587
0.62216604
-0.18189721
0.21621016
0.38404474
0.07005153
0.111624666
-0.7502052
-0.79658556
-0.60932165
0.20303594
0.22218356
-0.42135385
-0.17382991
-0.60790706
-0.47940874
-0.14415795
-0.1322841
-0.36336997
0.41599396
-0.80089456
0.8255162
0.9845147
-0.8836209
-0.1723782
0.7539361
-0.29041654
-0.19594921
-0.37723145
-0.1142998
-0.010993218
-0.5426537
0.8010269
-0.12357772
-0.69729835
0.009376414
-0.17618868
0.26986325
0.31316322
0.4708597
0.7715402
0.30947882
0.18582198
-0.026554963
0.07085504
-0.09922043
0.46368054
-0.3640645
-0.19656539
1.0388047
0.15740678
0.30104327
0.36630186
0.78395075
-0.42781293
0.33722115
0.15823214
0.20019235
-0.83548355
0.51970845
0.17123803
-0.57356644
0.14007042
-0.6575907
-0.66179806
-0.46977663
0.52396107
0.40145993
-0.90220565
-0.13221918
-0.16806154
0.52248025
0.27587724
0.17888114
0.106836475
0.42926806
-0.29621923
0.8594243
0.192739
0.15053721
0.612011
-0.054773565
0.5143826
-0.40005895
-0.22408964
-0.09754837
0.14298378
0.55001485
0.35646722
-1.0865281
-0.13981542
0.4551148
0.09570907
0.283744
0.43729794
-0.9305807
-0.10963054
0.57044464
0.72079664
-0.046102908
0.09328715
0.2396257
-0.15663485
-0.35372546
-0.39650294
0.6199479
-0.5493546
0.098910116
-0.2801484
-0.37892783
0.07402049
0.42118308
0.64583886
-0.39916056
-0.13080189
0.15545136
-0.48545876
0.1059827
0.85246205
-0.30289367
0.04136583
0.2011229
0.1580587
-0.013396686
0.49865493
0.2284574
-0.014943287
-0.06644693
-0.1629433
-0.09605456
0.48020384
-0.13596043
0.4834603
-0.124563284
-0.06941971
0.49273074
-0.63642573
-0.14469369
-1.2564197
0.41720992
0.3772902
-0.59029365
0.2925245
-0.7303738
0.41096836
0.2770613
-0.40580425
0.6473672
-0.88117486
-0.13862057
0.43539768
-0.08024036
-0.02146825
-0.23386517
0.18209533
0.12092372
0.3572578
0.011334956
-0.023927603
-0.9104698
0.13220544
0.16666624
0.7389397
0.34745228
0.13088708
0.2464356
-0.08654499
0.7716513
0.051796444
-0.030997613
0.037769202
0.6335652
0.63245296
-0.81699014
0.28019643
0.62577087
-0.32610676
-0.5593691
0.4829217
-0.43392947
0.2119152
0.26473212
0.039504685
0.3380783
-0.41176835
-0.5212566
0.52900934
-0.14464162
-0.08149529
0.34559256
-0.35073814
0.29998466
-0.071361236
0.8397471
0.3306616
-0.1564618
0.14648785
-0.0025994247
-0.027963104
-0.30006987
1.0188137
0.57101727
0.30723757
-0.36500087
-0.13289715
0.721399
-0.018433036
0.6564613
0.14510754
-0.82080466
0.14189619
-0.7974023
0.5769166
0.052848037
-0.481905
0.7045275
-0.18330082
0.42792013
0.18419197
0.43917936
-0.7163026
0.35023254
0.72987854
0.7283779
-0.5830575
-0.26097012
-0.16037586
-0.2577474
0.26210096
-0.08859144
1.1480542
0.09368086
-0.21451819
0.4171845
0.84277236
-0.6141744
0.09572211
-0.062343746
-0.8873431
-0.58707243
-0.36004594
0.16571571
-0.29660356
0.3172881
0.34927905
0.19761613
-0.3925252
0.010186833
-0.27085966
0.39987233
-0.06690404
0.20565486
0.67906195
-0.8544319
0.46363002
0.58106464
0.27286926
-0.0078367125
0.46054757
0.47095755
0.3873903
0.3798398
0.5245583
0.64411193
-0.41145846
-0.63535255
0.48136792
0.34157377
0.2760173
0.06833035
0.23714976
-0.72182286
-0.3679367
0.13544282
0.23899208
0.3725892
-0.59161365
0.48469815
-0.05731834
-0.023279324
-0.50300545
-0.008792964
0.43711865
0.04353906
-0.5948166
0.34869912
-0.37087536
0.089017734
0.44686702
0.81796503
0.38568726
0.37131786
-1.0437449
0.092008166
0.57189274
-0.16889797
-0.1583009
0.2412354
-0.5976829
0.34725723
-0.37842232
0.11334986
0.69327754
0.34213746
-0.3265785
0.72674626
-0.28313428
-0.012557996
-0.12724718
-0.0966221
-0.4291482
0.36353892
-0.065505
1.0409504
-0.878252
0.49949667
-0.23238027
0.5615801
-0.63780713
0.1851753
0.90736985
-0.0474324
-0.35097945
0.37042242
-0.13278274
-0.53977054
0.20007218
0.038124304
0.36701792
0.3022889
-0.12763076
0.09068077
-0.3849038
-0.32063586
-0.437184
0.2357159
-0.35536698
0.1164679
0.54322284
0.4868107
0.28965065
-0.47185683
0.11306461
0.060841486
-1.1197141
-0.15354756
-0.2569448
0.037395205
0.49711505
-0.11328044
0.23403789
0.35237306
-0.37519863
-0.05281015
0.030418005
-0.3851694
0.5265824
-0.43367842
-0.16290179
0.8360427
-0.6773261
0.18091401
-0.82599854
0.49908704
-0.30660343
-0.45294738
0.26780868
0.2991628
-0.41154328
-0.8328826
0.45898187
-0.011202434
-0.15414472
0.24341159
-0.74639386
0.68407583
-1.313222
-0.36467496
-0.0021322386
-0.26130638
-0.6185775
0.19760738
0.4285486
-0.70556945
-0.16474812
-0.3705306
0.52856576
-0.17355245
0.75697696
-0.2064171
0.044179518
-0.33031797
-0.0060233027
0.20317541
0.64546573
-0.1496328
-0.28450552
0.070850536
0.69698817
-0.11969741
-0.2718459
-0.16558065
0.58059025
-0.4414387
0.600882
0.7389988
0.20070633
0.6937879
0.25829098
-0.29524276
0.16740553
-0.5453435
-0.57442385
0.87588364
-0.32520902
0.078539595
-0.5211263
-0.114174716
0.71640706
-0.062170472
-0.031724196
0.14939974
-0.59066826
0.02583408
-0.29399848
0.16514216
-0.9395414
0.33588168
-0.2635732
-0.050674323
0.45877331
0.5294472
0.09545924
0.6305992
0.6143006
-0.84934545
-0.13162106
0.3292369
0.36657888
0.1210886
0.54269624
-0.02949647
0.8125874
-0.16110392
0.0045223185
0.7124689
-0.044049602
0.1795126
0.46012062
0.043543626
-0.101000845
-0.31341934
-0.3906241
0.8634549
0.34731644
-0.037863683
0.028748192
-0.23402363
-0.047759626
-0.40581256
0.32051805
-0.54401654
-0.07251274
0.9587218
0.31663543
-0.30244395
-0.491753
-0.6984229
-0.075468145
0.88573563
-0.5653411
-0.029817997
0.2726254
0.2937321
-0.10236413
0.47851226
-0.5305786
-4.5965554E-4
-0.5613445
-0.55726045
0.6184701
-0.27886564
0.031318244
0.18166919
-0.6289215
-0.25456366
0.12658963
0.22528294
0.08269032
-0.5765883
0.39782926
0.4941061
-0.33808973
0.48240814
0.23735937
0.03481167
-0.026090907
0.57937455
-0.2423834
-0.32104358
0.08808224
0.34062794
0.560677
0.040660664
0.6624279
-0.9608413
0.033624455
-0.83487195
0.39905256
-0.052801598
0.055802826
-0.753358
0.06162108
-0.8150854
-0.69197065
0.5261219
-0.19937721
0.20834717
-0.5220477
-0.55576855
0.4586885
-0.0034652532
-0.59613115
-0.48584634
0.55110687
-0.10057776
-0.013972513
-0.5448226
0.537162
-0.040506866
-0.32037362
-0.30601603
0.20148487
-0.36252102
-0.12379643
0.70545197
0.70761937
0.649584
-0.6591301
0.26709777
-0.32787454
0.18286006
0.17232646
0.11779544
-0.43232444
-0.23633426
0.021665573
-0.96198195
0.74413776
0.20177434
-0.31079027
0.93896836
0.109383434
0.40482333
0.07948825
0.26758206
-0.89965934
-0.13094793
0.07865451
0.60723007
0.36289248
-0.4482209
-0.6637229
0.086697645
0.39121893
0.07025972
-0.15106775
0.21430753
-0.81290704
0.5689623
-0.11581857
0.5471578
0.3204921
-0.63494223
7.547951E-4
0.1432119
0.16948742
0.5525504
0.014533396
0.0057559856
-0.63321364
0.042573944
-0.019560892
0.75352985
-0.19275697
-0.33882758
0.8683774
-0.16248336
-0.2281174
-0.06959768
-0.007529491
-0.12828597
0.04138643
0.37883684
0.09173408
0.08283403
-0.4127826
-0.43371522
-0.48688897
0.21438763
-0.4923054
0.099027574
0.103476994
-0.068137065
-0.027293228
0.37380242
-0.31678835
0.6721618
0.5834504
0.65965414
-0.4083453
0.39210787
-0.54992676
0.17733099
0.18463194
0.17685859
-0.13315444
-0.031762157
-0.30479503
0.98988926
-1.2668983
-0.04195625
-0.13057901
0.426764
-0.5809583
-0.10037377
0.21623357
-0.4859749
0.22944187
-0.2079485
0.09926985
-0.2559154
-0.008664306
-0.6996349
0.12579148
0.078182526
0.21335569
-0.07578265
-0.102239445
0.21258073
-0.052374728
0.6126251
0.3211738
-0.05991097
0.1912861
-0.41778034
-0.42455816
-0.8542588
-0.15147673
0.31355104
-0.24486345
0.17208442
0.78153086
0.55360776
0.2010012
-0.27193213
-0.3908369
-0.3710555
-0.7010911
0.4564154
-0.08877617
-0.39739412
0.2260577
0.6014488
-0.4431667
-0.30137694
-0.4536809
0.22752577
-0.32611483
-0.0049578566
-0.51490754
-0.56323427
-0.69653785
-0.37707537
0.49986842
-0.62332046
0.24964188
0.050515506
-0.4386752
-0.60357887
-0.025211308
-0.43605086
0.28213686
-0.17271371
-0.3248193
-0.52148074
0.13909437
-0.53428185
0.11889736
0.6943277
-0.38384053
0.013175266
0.05262406
0.39601696
0.10683877
-0.44897416
-1.07672
-0.4734019
-0.3010765
0.76585084
-0.15006924
0.34959924
-0.06287448
-0.3870778
-0.264179
-0.5972813
0.5498543
0.7276823
-0.5299072
0.5437538
0.6623825
0.15309483
-0.42378938
0.30292705
-0.2864473
-0.12622412
0.039070394
-0.55823064
0.5607332
-0.43714878
0.19437562
-0.33300757
0.63519895
-0.6326031
0.082083546
0.4419118
-0.546645
0.7700987
-0.51841205
0.67498034
-0.16585828
-0.25968707
0.4812888
0.22148447
0.16513547
1.0170641
-0.67596805
0.6438027
-0.7015625
0.28898203
0.55482835
-0.73487294
-0.030454306
0.6712009
0.124682434
0.5565017
0.51036257
-0.6814735
-0.8490469
-0.6630195
0.31546843
0.0011466698
-0.12825038
0.37296718
0.21900809
0.17963567
0.24758649
0.1692331
-0.21152207
0.8768202
-0.20844169
0.25863287
-0.0435236
-0.59854484
0.5422355
0.21177097
0.31466678
-0.23776983
-0.3442174
-0.08619062
-0.32532498
-0.39975125
0.21924785
-0.40140867
-0.34267268
-0.20240866
0.43943715
-0.31755707
-0.2786844
-0.5798881
0.34577844
-0.37684548
-0.03479341
-0.27713776
0.29129827
0.35306618
0.11122141
0.26799843
-0.19170073
0.25132343
-0.90643907
0.2778297
-0.2251666
-0.086381905
0.30828384
-0.14530729
-0.9741151
-0.03910445
-0.18530993
-0.042162627
0.40872684
-0.3174662
0.09784716
0.12779537
-0.7237394
0.22754867
0.23190798
-0.22984618
-0.64510286
0.6014159
0.18247782
0.63049316
0.32350883
-0.99571353
-0.21692234
0.1670538
-0.4264099
0.89827114
0.37680656
0.33447567
-0.73429066
-1.0145833
0.30975074
0.09509701
-0.6787625
-0.05725243
-0.2978216
0.62075734
-0.2846883
-0.65628827
0.8227795
0.5317279
-0.19549024
0.8381656
-0.48475224
-0.23054188
0.34751937
0.4166263
0.10191437
0.8521012
-0.20316403
-0.06290598
-0.40719807
0.16827023
0.1375848
0.4654567
-0.63746387
0.69273645
0.0810347
0.5116769
-0.034078214
0.0395862
-0.0035301489
0.60335094
0.31619245
-0.15779345
-0.63679606
-0.045091994
0.124617964
0.7109046
-0.5467549
0.16339795
-0.059867453
0.5798827
-1.1743257
0.8317446
-0.18672302
0.36214286
0.5561507
-0.11377932
0.22933398
-0.28967267
0.25543717
0.29633862
-0.4372847
0.42006537
-0.68611926
0.18002734
-0.04490068
0.27284193
-0.002169386
0.18458246
-0.34772816
0.3797336
-0.23864178
0.18259455
0.13998559
0.23996398
0.2702418
0.25690815
-0.015212038
-0.36020714
-0.21337515
0.44555095
-0.27929342
-0.38643417
-0.34459996
-0.2287782
-0.1767698
-0.08596128
-0.85106146
0.42388865
-0.7160484
-0.62762797
-0.09610272
0.8422936
0.4636958
-0.09291591
-0.8376423
-0.33566082
-0.04163697
-0.9513333
0.29272974
-0.25715077
0.1655469
0.09378109
-0.4200047
0.7663374
-0.9637658
0.47488725
0.17706034
-0.5575956
-0.069285415
0.26511493
0.45166087
0.5148207
-0.77267444
0.13171905
0.07943381
0.21253075
-0.82999605
-0.1683438
-0.12162029
-0.105624735
0.7531955
-0.6492388
0.2010618
0.13018756
0.3513699
-0.14769992
0.70787656
0.22185783
-0.2897991
0.1401432
-0.7677781
1.0139173
-0.64162284
0.6668988
-0.12175516
-0.0010098409
-0.036058668
-0.077205524
-1.0272557
-0.9381897
0.54877645
-0.2285709
-0.42177433
0.2396836
0.37054574
-0.057829812
0.3372261
-0.42460898
0.2871156
-0.27745193
0.09207332
-0.008528777
-0.19876018
0.7020663
-0.5824998
-0.20095229
-0.103335015
-0.18638436
0.24620031
0.4947359
0.069795854
-0.07411632
0.68959385
-0.040560998
-0.8785285
-0.060137536
-0.49161404
0.3789604
0.23297836
-0.17012508
0.14321777
0.6680964
-0.23775636
0.3194487
-0.6492934
-0.20571104
0.95648986
0.010733664
-0.29351157
-0.4136106
-0.23420078
0.08806862
-0.25513905
0.33326894
-0.4487031
0.3223547
-0.46372843
0.31534004
0.4126401
0.34249902
-0.9905074
-0.6194593
0.14351578
-0.11242129
-0.3709082
0.49777606
0.2715618
-0.58833146
0.5609793
0.012490537
-1.2300855
-0.12642108
0.36392245
0.42031547
0.62803614
0.5769549
0.24449766
-1.0523813
-0.025192369
-0.35612303
-0.19354832
0.32299837
0.36569563
-0.07143262
-0.57695
-0.032025732
0.31694666
0.5839552
-1.1764377
0.50599277
0.03772128
-0.7808059
0.3844318
-0.7248584
0.8148573
0.10725961
-0.5090267
0.7135648
0.15032852
0.43090177
0.9506997
-0.15375513
-0.25315067
-0.8333173
0.40743592
-0.17983894
0.11287996
-0.14255425
-0.25505418
-0.30056924
0.27110142
-0.75187916
0.4071043
0.3502659
0.10439009
-0.966909
0.19470282
-0.56545025
-0.5030177
-0.4093791
-0.11437116
0.017676203
0.24719536
-0.109171525
-0.106594145
0.4042076
0.31380975
-0.064662986
-0.49630597
0.24204127
0.16306484
-0.4922397
-0.16214266
0.21845336
0.52160794
0.22395657
-0.02620658
-0.64206517
0.2505586
-0.12451861
0.025405604
0.19819254
-0.97787553
0.3254954
-0.021320645
-0.72831744
0.13452771
0.29361197
0.45201775
-0.4616394
-0.8266253
0.039748486
0.7465163
-0.73383236
0.5723906
0.28332537
0.26818547
0.10970209
-0.6915627
-0.56051844
0.19681494
-0.55002266
0.17843312
-0.3361221
-0.27882656
0.1594837
0.02460072
0.07587606
0.4804351
0.33155513
0.40963092
-0.06041578
-0.060865484
0.37814188
0.09328806
-1.0366673
0.104697645
0.55466896
-0.20112677
0.22639696
-0.57874453
0.5260873
0.4696593
0.13183089
-0.32961947
-0.44207975
-0.22995026
-0.20017867
0.2938334
-0.4127143
0.32924762
-0.15955076
0.6171875
0.5588408
-0.80694085
0.092475116
0.44272926
-0.11786314
-0.34945887
-0.46173215
0.08248375
0.58894134
0.2719863
-0.26844612
0.48840117
0.5847079
0.29175514
0.29326132
-0.10920582
0.2731015
-0.9040975
0.52089465
-0.29203534
0.2845172
0.07349016
0.26560763
0.71297973
-0.33643788
-0.040477637
0.07392275
-0.34830117
0.17581864
-0.13364956
-0.009581571
-0.10691943
1.2165273
-0.67904234
-0.3205172
0.50962794
-0.06222663
-0.98268056
-0.24891719
-0.60740817
-0.9105039
0.6163603
0.055480786
-0.6157261
-0.21905227
0.27707112
0.20715955
0.25653538
-0.41101655
-0.23449925
-0.55024725
0.5390808
4.433443E-4
-0.417336
-0.17648289
-0.082710445
0.019680949
-0.6571571
-0.020212393
0.61006546
-0.6032045
-0.60233384
0.56611246
-0.606772
-0.3886407
0.419391
0.20644102
-0.6279266
0.43663555
-0.09730915
0.55732507
-1.2165368
0.043753274
0.2525249
-0.5623788
-0.60156566
0.24467126
-1.1465843
0.69885814
-0.16223101
-0.481095
0.32253245
-0.89030415
0.22308089
0.17565793
0.86141604
-0.42049882
-0.64116997
0.080774724
-0.32207268
0.8501873
0.30003428
-0.4583687
-0.08416815
0.40969613
0.21747658
-0.3903723
-0.6884197
-0.065325476
0.38799095
-0.15913753
1.0706947
0.20030376
0.40513358
-0.027740873
0.21344371
-0.63735044
-0.2413509
0.35362962
-0.41974252
1.0376123
-0.5394892
0.41718125
0.23043136
-0.23021996
-0.5173902
0.6068995
-0.044231515
0.99265575
0.12209823
-0.014602911
0.2575446
0.08995926
0.51738054
-0.28447273
0.5003619
-0.005062825
-0.24998595
0.95772153
-0.7521803
-0.23445942
-0.15860711
0.18569319
0.09220473
0.20546724
-0.029576784
0.67317355
-0.20298019
0.5907047
0.08258808
0.061826296
-0.63044405
0.35666952
0.21899462
0.43674725
0.11874522
-0.25310928
-0.38416898
-0.38818467
-0.19534858
-0.4325394
0.84106535
0.24966677
-0.42399174
0.27524287
0.19872402
0.015759943
0.61595595
-0.5675402
-0.018820984
-0.36322716
0.57922786
-0.20037702
0.35194072
0.4923924
0.061339088
-0.13505921
0.64315635
-0.9647261
0.23994935
0.41672063
-0.17381576
1.1268369
-0.0470891
-0.38679686
0.29741603
-0.7692896
-0.5810173
0.41858333
0.53413796
0.47300127
-0.60905826
-0.20532058
-0.12706235
0.29519582
0.8288738
-0.38414168
-0.1853067
0.064375415
0.11862213
0.37452036
-0.33364135
0.4791308
-0.43702164
-0.03418531
-0.34838498
0.525253
-0.6702561
0.040347613
-0.07156387
-0.3231492
0.4793966
-0.39434463
0.79443884
0.18835425
-0.38712758
0.22697406
0.17271937
-0.45193508
-0.18084551
-0.052443646
0.6964916
-0.19835806
-0.26135957
0.3012715
-0.83667
0.13782655
0.5266338
-0.5094603
-0.31379497
-0.73709077
0.7458316
0.04680724
0.25226945
0.2968221
0.2805188
0.3109429
-0.28766185
-0.60720795
0.01973332
-0.64089054
0.14918673
-0.7099883
0.40458605
-0.011120233
0.37211055
-0.110854775
0.49220604
-0.59401846
0.4640337
-0.83999825
0.090832666
-0.6246523
0.5476174
-0.044720087
0.17030196
-0.104746394
-0.25561205
-0.15105897
0.59405154
-0.38332576
-0.097782046
-0.0020383345
-0.4935982
-0.51269823
-0.16148663
0.640011
-0.32062268
-0.09912694
0.6388946
-0.8019725
0.89961165
0.4605409
-0.45168728
0.6923798
-0.43290156
0.80731994
0.3450647
-0.7285637
0.73879826
-1.0141104
0.7342464
0.23046772
0.9029611
-0.6571172
-0.6773196
0.71233565
0.504738
-0.064509444
0.5456319
-1.122472
-8.8265975E-4
0.47780132
-0.22286491
0.16889314
0.1305033
0.35312834
-0.8505607
-0.055486087
-0.5488712
-0.26304245
-0.92402655
0.8715072
-0.02535182
0.284506
0.83745533
0.09674126
-0.41505736
-0.42451048
0.08737878
0.2433096
-0.01882695
-0.35009617
0.0031326497
0.9156386
0.26346833
-0.5040563
-0.49516934
0.6420158
-0.33753824
0.021472048
-0.10426137
-0.5387116
0.12272185
0.18280508
-0.2299583
0.49872014
-0.091233544
0.87373847
-0.47978133
-0.709565
-0.8155848
-0.009727531
0.58187485
-0.25039053
0.015719641
0.12602718
0.7679902
-0.47194234
-0.28718013
-0.07692867
0.5470041
0.6537166
-0.11882231
1.038025
0.15200871
-0.44487125
-0.5547277
-0.34956044
0.0407998
0.1825214
0.051646177
-0.610144
-0.26614743
0.44547936
0.2842672
-0.38821504
-0.23386423
-0.2258764
-0.12169084
0.39111894
-0.004591452
1.2556485
-0.2784385
-0.7025671
-0.13943559
-0.44413957
-0.2205997
0.06561118
-0.35426494
-0.12856685
0.36877197
0.5642483
-0.20874602
0.005336209
-0.7672773
0.6265916
-0.07313054
0.78468245
-0.11786497
0.53000414
-0.37418067
-0.15185745
-0.27683768
0.7864958
0.19461429
0.96186304
-0.3618144
0.8637551
-0.33313826
0.25110668
0.2782078
-0.29960945
0.8246957
0.8843702
0.94726145
-0.9226442
-0.22034524
0.47659156
-0.123223625
0.0662558
-0.6094622
0.63529253
-0.38798517
-0.53053236
-0.28954607
-0.31720832
0.5748838
-1.0018102
0.20179813
0.20667663
-0.422532
0.65068394
0.74852484
-0.7326318
0.4852579
-0.5303448
0.59736603
0.2068945
0.29855713
-0.06507314
-0.46590206
-0.84493285
0.020515013
-0.55421793
-0.3994786
0.59071827
-0.65331656
0.49923837
0.32246357
0.7019843
0.32885104
-0.35773954
0.27114218
0.008072957
0.23451506
0.56827307
0.29868954
-0.30062348
0.005467727
-0.003494304
-0.6324442
0.3427018
-0.6423876
-0.041828375
0.43158022
0.5351226
-0.23967186
0.08841961
-0.7200274
0.23407403
0.10409652
-0.15711717
0.06736266
0.11314911
-0.66263205
-0.114913374
-0.36694276
0.048439637
-0.546662
0.3491814
0.27372122
-0.40279225
-0.04565076
0.7544216
0.09609748
-0.6441596
0.039603233
0.4808478
0.32155678
-0.2113232
0.49010256
-0.23646455
0.07713911
0.04463256
0.14190821
-0.52193296
-0.7290055
0.5914202
-0.39394772
-0.14546876
-0.16642402
-0.16010256
-0.3822637
0.1945029
0.028427858
1.0265816
-0.2582619
0.40386352
-0.002218217
-0.21848424
-0.104395814
0.56360626
-0.13025698
-0.72111845
0.4989688
0.011859709
0.2970934
-0.23919487
-0.122815624
-0.13927333
-0.265991
-0.20500642
0.45941302
0.5993048
-0.5071653
0.57934695
-0.19133689
0.2657674
-0.29781413
-0.6538428
0.39956445
-0.5203902
0.024369543
0.54629266
-1.0593728
0.308573
-0.90821666
0.63733447
-0.1983521
-0.17029496
0.07771123
-0.05941032
0.7137966
0.3207254
-0.7267153
-0.56570756
0.97901917
-0.1890113
0.25584668
0.36226052
-0.28056657
0.29548213
-0.025998702
0.32070518
0.5205001
-0.29037008
0.034640636
-0.21625474
0.38943335
-0.7073931
0.7687131
-0.2140303
0.032571256
0.3499889
-0.7102269
1.1054547
0.23811328
0.7572237
0.79431546
-0.18661076
0.051243205
0.14959006
0.069933474
-0.031022418
0.89067787
-0.7110906
0.1576515
-0.5177581
0.66896945
-0.5996425
-0.18274486
0.19058537
-0.3478307
-0.7563607
-0.14496282
-0.5428672
-0.43565717
-0.75012493
0.42963234
0.13763475
-0.22958829
0.09716027
-0.065060474
0.5293324
-0.19404475
0.0058711423
0.13893746
0.13806911
0.33539477
0.42081392
0.5203466
0.1556546
0.47507188
0.69605714
-0.42484027
0.4770038
0.13801633
0.39607126
0.8367757
0.73132503
-0.19307137
-0.10293738
-0.03630695
-0.13460778
0.006781032
-0.0071529546
-0.65588474
-0.28184816
0.2784527
0.30256835
0.5814609
-0.30904016
0.43478832
0.045550145
0.9065339
-0.6666997
-0.039667122
0.09437882
0.45087922
-0.6970643
-0.23330157
-0.47726753
-0.5659513
0.28401777
-0.6847262
0.02805555
-0.28628546
0.2832258
-0.17299184
-0.33941832
-0.3126899
0.20597579
-0.63568735
0.1740874
0.97733814
0.005383152
0.27222863
0.12865593
-0.15352735
0.33176997
0.7790287
0.6492651
-0.6070852
-0.054262184
0.4232558
0.35974094
0.19485043
-1.0610634
0.14142768
0.43880406
-0.28229806
0.1864897
-0.4863078
0.5527987
-0.15359133
0.052813612
-0.6375951
0.058776114
-0.35651714
-0.5685442
0.093131326
0.2248694
-0.7783954
-0.33578247
-0.5535299
0.18867542
-0.5838911
0.58175045
-0.69511163
0.5615265
0.57803196
0.8425855
-0.5816395
-0.18561779
-0.2531502
-0.0669532
-0.35935763
-0.35958195
-0.25718194
0.8240854
-0.22640198
0.45920578
-0.5710372
-0.8801057
0.50624156
0.31432053
0.21585411
0.66592866
0.32537696
-0.17572995
0.02901501
0.12515631
-0.7366858
-0.773951
0.98042464
-0.8508897
-0.04714099
-0.13036971
-0.8277301
0.5475931
-0.38613775
-0.44846562
0.7571104
0.050650466
-9.04534E-4
0.09492041
0.34461242
-0.18115151
0.19481544
-0.92357767
-0.20887594
0.49540517
0.25264037
-0.42359188
0.7340312
0.21598576
-0.22630975
0.2638852
0.26469257
-0.057301026
-0.024154382
0.10680695
-0.15051326
0.6169487
0.31252375
-0.5355712
0.8230853
0.2855935
0.14870764
0.7499149
-0.52997035
-1.0134645
0.27050856
-0.10649234
-0.5557571
-0.3975155
0.4350662
0.064316735
0.9897619
0.61390114
-0.22156239
0.52365965
-0.43127203
-0.02699051
0.566752
0.35696042
0.3854827
1.0574048
-0.41504577
-0.065907195
-0.6625062
-0.4451513
-0.28293234
0.35476032
-0.14332204
0.054296926
0.7091344
0.44032237
-0.796365
0.9541297
-0.21263073
0.29192612
0.33732685
0.0063151508
0.6879635
0.5077197
-0.21271028
0.116230056
0.8495988
-0.3949255
0.030786946
-0.4931394
0.4278175
-0.3352097
-0.17226443
-0.4798946
0.10233844
0.25673524
-0.0971746
0.40408716
-0.41120872
-0.7429558
0.22064139
-0.8491178
0.2416792
-0.23908031
0.8916855
-0.42574176
0.6731848
-0.78706974
0.357658
0.39951882
-1.144343
0.13048491
0.17909913
0.49410573
0.43222818
-0.39731294
0.89264476
-0.64437187
-0.22140804
-0.25630546
-0.8407161
-0.13921404
0.5517939
0.30026898
-0.3503887
-0.04142007
-0.5170541
0.48346448
-0.8563069
-0.071539685
-0.6267078
0.30472884
0.042506047
1.0900159
1.2586253
-0.8929207
0.51532125
-0.5360078
-0.6372181
0.41537595
-0.2815806
0.5066634
0.04699567
0.2317565
0.06931295
-0.40131566
-0.8037086
-0.051891085
0.64223814
-0.47160697
1.0197293
-0.7966257
-0.4779375
-0.15074967
0.40981093
0.52858394
0.7827809
-0.51126564
0.4729262
-0.45160252
-0.1896339
0.27695832
0.58341545
0.6336223
-0.053733528
0.17186224
0.071584836
0.094732314
-0.9698251
-0.0368948
-0.021147354
0.1711577
0.025240857
-0.026328612
0.6692468
-0.45479783
-0.062938645
-1.1776515
0.21594414
-0.40117502
0.6016618
-0.018833943
0.45079684
0.1655064
-0.07530698
0.59777653
-0.116117194
-0.56688577
0.55232334
-0.18377073
0.42263356
-0.0040095393
-0.57229906
-0.021835618
0.36948723
-0.24019212
-0.1419646
-0.4490958
0.066150434
0.057067685
0.048495248
-0.29497084
-0.15759644
-0.38802516
-0.65980744
-0.6182143
0.53516793
-0.21912096
-0.42965427
-0.25525
0.39893526
0.29394674
0.5020328
-0.4549203
-0.6831544
0.16645455
-0.1637734
0.68574154
-0.6271026
0.8455271
-0.7647149
0.50497717
0.52260536
0.22112529
0.14403576
0.5979951
-0.85244167
0.05835338
-0.27841425
0.34813574
-0.065158136
-0.24686088
0.28604
-0.33873445
0.72416466
-0.23530473
-0.15617502
-0.16001536
-0.27407804
0.9699833
-0.09052732
0.50977397
-0.512285
-0.28240532
-0.052923337
0.46578524
-0.41323936
0.103636876
-0.66794175
-0.4212231
0.059761364
-0.4595044
-0.22703844
0.62954783
-0.4388995
-0.2898694
0.82148534
0.26391417
0.62556434
0.16459209
-0.31841072
0.32324043
-0.048957046
0.0044511785
-0.046210833
0.16664812
0.22287534
0.7743804
0.6292947
0.5195408
0.028389035
0.10636423
-0.69616944
0.7165494
-0.83925813
0.59352344
-0.58623195
0.7835661
-0.4930007
-0.36092335
0.5798086
0.2870209
-0.8375765
-0.3024873
-0.1446737
0.09817898
-0.64748263
0.15598778
-1.1072785
0.23915036
0.50262237
-0.09269744
0.16274178
-0.37219256
0.5701065
-0.90926945
0.1259514
-0.5700121
-0.13302293
0.38433284
0.4772113
-0.31275254
0.21924412
-0.32468393
-0.0030675412
-0.4255479
0.23908865
0.02241599
0.47497186
0.07013563
-0.031976916
0.03782143
0.6118873
0.24927545
-0.029994426
0.25442994
-0.9441144
0.43100825
0.40318123
-0.2897364
1.0001138
-0.60948485
0.7287008
-0.87893796
0.07367705
-0.11014539
-0.6508957
0.73586863
-0.060837407
-0.03426804
0.15176338
-0.70365137
-0.6836425
-0.39366466
-0.24649079
0.31540176
0.39864305
-0.09146759
0.25474957
0.04315985
-0.62180305
-0.31604898
-0.26237333
0.9177875
0.7044683
-0.7917011
0.20122172
-0.17047216
0.19202292
-0.24004067
0.3765259
0.5404515
0.042898
-0.09900473
-0.7423931
-0.1547332
0.014589963
-0.11969173
-0.24440473
0.294173
0.28722802
-0.25108284
0.87843305
0.13900788
0.6471576
-0.42170227
-0.77024066
0.59910995
-0.20789053
0.87205434
0.021863334
-0.177684
-0.67583495
-0.4814305
0.08325874
-0.9630716
0.37278622
-0.19563778
-0.8268171
0.23478098
0.53027964
-0.06896507
-0.18777302
0.8914704
-0.7410948
-0.40494132
-0.098753326
-0.035187617
0.467386
-0.52063334
0.030921627
0.114827834
0.22490151
-0.06387532
0.026884954
-0.28633752
0.73176074
-0.5491056
0.35094985
-0.5594988
0.31626877
0.7023359
-0.48087478
0.5791767
-0.3204343
0.3730012
-0.29012758
-0.4932485
0.064588115
0.21076377
-0.5008299
-0.15050009
0.66230655
-0.26018655
0.22791533
-0.47670192
-0.49638286
0.67223155
0.016112376
0.08056648
0.08903489
0.2007961
-0.050246544
-0.4016526
-0.26472166
-0.19103795
-0.18681385
0.05274867
0.43026862
0.90126395
-0.68332756
-0.6779119
0.021431023
-0.21202971
0.664295
-0.65831476
0.20684236
0.1664112
0.34160772
0.41298613
0.11141222
0.20993558
0.7001117
-0.6550696
0.42738298
-0.24513116
0.001624949
0.8637889
-0.72607905
0.25714698
-0.28386924
0.45268464
-0.21842058
0.3841732
-0.59733814
0.6652664
-0.50969034
-0.2003796
0.17730667
-0.03183486
-0.0970932
-0.23519897
0.25088573
-0.5398278
0.74529266
0.44565544
-0.38893726
-0.30813643
0.5027883
-0.032245155
-0.79971176
0.9848124
0.7428378
0.22392857
0.47040853
-0.4345889
-1.1627262
0.13179888
0.36537695
-0.22047463
0.8971349
-0.25500384
-0.0717225
-0.25311038
-0.31808025
0.18789653
0.025609704
0.3183312
0.56290895
0.67821085
-0.6066582
-0.19817053
-0.24902523
-0.18766494
-0.19469632
0.92896354
-0.8107579
-0.043067213
-0.7405526
0.42447287
0.32848367
-0.5586609
0.20563652
-0.4572766
-0.058139794
1.0533049
-0.28829637
0.14454244
-0.17920499
-0.4662578
-0.9929858
-0.113407396
0.377782
-0.03204639
0.23697491
0.24505837
-0.37886038
0.5264517
-0.04884354
-0.26482052
0.04424722
-0.4894207
0.26474068
0.37604737
0.39224193
-0.6940513
0.6194221
-0.09568066
0.7852672
-0.57333994
-0.44942623
0.33732748
-0.61260605
0.2930011
0.002378434
-0.28565127
-0.42996478
0.36386776
-0.9109235
0.46318972
-0.34548143
0.5643038
-0.19498542
-0.18916024
0.36917463
-0.5017646
-0.10041765
-0.91565347
0.54600805
-0.738477
0.35536382
0.82792103
-0.29103726
0.39431083
-0.21262802
0.7438262
-0.64806753
0.10316205
-0.07790292
0.69925153
0.19050579
0.6743002
0.08301843
-0.42150894
-0.2943576
0.4883017
0.1418908
-0.32851917
-0.7517835
0.1658186
-0.10967527
-0.622354
0.18735556
0.5986789
0.5508467
-0.3513437
0.0413333
-0.13020508
0.57478493
-0.6292084
0.34761217
-0.5658982
0.14967278
-0.14134626
0.60857874
-0.78968424
-0.5419413
0.27516136
0.3638374
0.44778886
-0.67287827
-0.19892968
0.18721338
-0.12855648
0.5473641
0.26904714
0.22403762
-0.63297325
-0.16172373
0.23307884
-0.8417013
0.22901843
0.06864741
-0.22010733
0.15295675
-0.1267691
-0.6562405
0.6852751
0.39663875
-0.10301496
0.38981092
-0.42575425
0.46770522
-0.39142618
-0.391902
-0.4882956
0.19311784
-0.29005152
0.16894546
-0.6107313
0.39038467
0.80924517
-0.39388326
0.5275761
-0.3737402
-0.61394805
0.1003339
-0.08129705
-0.47981572
-0.39531896
0.70101345
-0.14899072
-0.030737186
-0.3849192
0.026457883
0.17440113
-0.31142515
0.21699162
-0.09174608
-0.15510699
-0.23913026
0.0043385997
-0.013239234
0.11494982
-0.9698162
0.6121384
-0.051540885
-0.8047892
0.30396125
0.054552115
0.038719755
-0.27515322
-0.64046466
0.5299901
-0.45536327
0.6702303
-0.30884877
-1.1948252
-0.21674208
-0.36883038
-0.10248518
0.6153476
0.50604045
-0.5037144
0.73980683
0.24884164
0.13006368
-0.5103311
-0.032918528
0.62667567
0.5015112
-0.29977506
0.23588075
-0.32286
0.36912873
0.51549125
-0.2165394
-0.15010914
0.7523437
-0.10964899
0.02440381
-0.51234853
0.30842623
0.47867605
-0.15345323
-0.29998314
-0.4537481
-1.3336028
0.7975664
0.22340114
0.7990689
-0.25136125
0.12671156
0.33311227
-0.57661444
0.603987
0.7137951
-0.31404883
0.26670933
0.0014775177
0.21823654
0.17739603
-0.007512004
0.15679266
0.19725399
-0.5343953
0.06973161
-0.14412516
-0.80490977
0.42960298
0.0026299562
0.6061933
0.3778013
-0.38737917
0.10979198
-1.1828895
