0.35416418
0.548572
0.24090104
0.20079014
0.11551322
0.06220417
0.041488703
0.031142138
0.12137806
0.19504786
0.12810415
0.09327406
0.0060620788
0.07881963
0.119427904
0.12584636
-0.005710638
0.014902437
4.3973717E-4
-0.022823995
0.011760217
0.010685063
2.2511139E-4
0.034966227
0.03653394
-0.009611272
-0.006347863
-0.02816981
-0.033707943
-0.02534738
-0.018907305
0.002123959
-0.20372596
0.14420862
-0.1480011
-0.11426304
-0.045693815
-0.07950089
0.0069424086
-0.0037876996
-0.034989223
-0.040133562
-0.0243835
-0.007503859
-0.03110373
0.020170527
0.03389438
0.0027158689
0.042380672
-0.009517546
-0.047383763
-0.051133413
-0.060054503
-0.013891083
-0.025202
0.07196329
-0.0051562553
-0.014428058
-0.008243236
0.0023688998
-0.013205354
0.008061692
0.012126588
0.00722527
-0.026661681
0.0051214537
-0.007978234
-0.025237625
-0.0024019557
0.098364174
-0.026696557
-0.015936349
-0.068489656
-0.0371864
-0.07208376
-2.127816E-4
0.034056913
0.009876866
0.006598898
0.021528522
-0.026110807
-0.0058614113
-0.025810894
-0.03236429
-0.026798228
0.03622473
-0.023067147
-0.034027033
-0.020563291
-3.8945992E-4
0.019055162
-0.057831805
-0.08113198
0.029991928
-0.057452768
-0.1335263
-0.11500565
-0.04309396
0.005347062
0.049531344
0.059626337
0.031360645
-0.032674544
-0.018060911
0.009271973
0.012772146
0.006089588
0.0315644
0.010228724
-0.004789204
0.0029904859
-0.0232606
-0.022093216
0.0136659555
0.03901882
0.038141076
-0.009199861
-0.03101862
-0.10776391
-0.11797624
-0.030202096
0.025267946
-0.08832585
-0.049722016
0.00925589
0.008379527
-0.024836231
-0.027644664
-0.023807699
0.036769975
0.0068653417
-0.03448533
0.01818743
0.008791147
-0.014549803
-0.018770842
-0.036587074
0.011013177
0.0013780824
-0.008690365
-0.022853743
-0.050877605
-0.013550082
0.039727744
0.06349983
0.070365325
0.054500174
0.03102159
0.14601173
0.097919494
0.0050963783
-0.015499193
-0.060982537
-0.029402543
-0.0103763
0.07769589
0.1580848
0.018954335
0.026973432
0.03562631
0.06120581
0.04144768
-0.013579272
-0.039004773
-0.036414538
-0.019574407
0.0016572578
0.012341096
-0.03289081
-0.021497332
-0.012733605
0.0052729035
0.018663961
-0.02646236
-9.898861E-4
-0.04571823
-0.026117897
-0.00913163
0.0064456696
-0.0039265184
-0.0038722744
-0.025608866
0.010561497
-0.028484648
-0.1067638
-0.0679594
-0.025711622
0.049761992
0.026881663
0.046338446
-0.004438588
-0.076999426
-0.069589846
-0.07456723
-0.0060397927
-0.046685178
-0.007896588
-0.027573263
-0.017742416
-0.05252087
-0.0057341945
-0.084839635
-0.07709099
-0.07701626
0.007925982
0.04680285
0.03589314
0.035207894
-0.009104915
-0.06796309
-0.090232015
-0.022601118
0.010430654
-0.029634207
-0.0011939432
-0.0096342815
0.009555324
-0.030313434
-0.008808334
-0.042441748
0.014365313
-0.008926781
0.02495723
-0.012516252
-0.0080897
-0.0042340537
-0.033565734
-0.023890609
0.0043556946
-0.003726617
0.0027919896
0.025012543
0.010675781
-0.016292932
0.0021765735
-0.010823331
-0.0647438
-0.003518491
-0.0804849
-0.07038847
-0.05316392
-0.031345487
-0.069060326
-0.021378608
-0.063509375
-0.055757076
-0.07268602
-0.0026138865
-0.046148106
-0.023488812
0.010075122
-0.008630666
0.004068625
0.03366633
3.2556878E-4
0.0018161766
0.0047534695
-0.018865822
-0.025240904
-0.015545326
-1.7146471E-4
-0.011821411
0.029837823
-0.014294245
0.019414596
-0.5486994
