0.1166321
0.5945412
0.14344522
0.09551957
0.056322027
0.07986289
0.082159035
0.024535887
0.024892356
0.12785468
0.087865576
0.033595454
-0.003453529
0.06196328
0.005063584
0.015976638
0.29546744
0.09642246
0.1030767
0.03693535
0.061766095
-0.03701769
0.0027833816
0.02049646
-0.27312458
-0.23355477
-0.12622038
-0.1163138
-0.14752078
-0.16932395
-0.20136301
-0.2389281
0.08798279
-0.06830834
0.08417554
0.10697945
0.08375058
0.107332155
0.004628346
0.017515715
-0.009771515
0.0890255
0.01089895
-0.018148173
0.028117394
-0.022705
-0.03604689
0.030151663
-0.011325374
0.004451627
-7.66222E-4
0.03722357
0.030079627
0.007529603
0.08746078
0.0315249
-0.010357375
0.017607376
-0.0041653067
0.002072294
0.07197281
0.019322895
-0.05829313
0.0156176025
0.079699956
0.01178342
-0.0034457725
0.043419532
0.00861394
0.021018188
0.07972727
0.018835155
0.035066616
0.016154628
0.015253672
-0.013355175
-0.017337203
0.015464236
-0.012994567
-0.014270845
0.019841257
-0.004376767
0.02192565
0.07406601
-0.002416881
-0.022562882
-0.0061046043
-0.039414737
0.010923555
-0.018014194
0.006590005
0.05122928
0.08168344
0.011823734
0.031135682
0.060005177
0.11558951
0.06841422
0.03163107
0.014003073
0.008581927
0.029971017
0.06455736
0.024298584
-0.0071636587
0.052507494
0.06824445
-0.033847336
0.05501306
0.06582405
0.013352159
0.022520926
0.055822123
0.035687387
0.03615155
0.026474325
0.022268739
0.058935747
0.118155345
0.035166927
0.0146772815
0.019517053
0.074189134
0.04816986
0.0037783636
-0.015298506
0.0050748214
-0.046564817
-7.409697E-4
-0.023851335
0.04838409
0.039662067
-0.018061567
-0.022016441
0.0014237426
0.01149098
-0.011217619
-0.00588795
0.012455592
0.05610656
-0.012132245
-0.08349804
-0.048205208
0.03094936
0.0020578566
-0.0049001295
-0.058588315
-0.025156476
-0.038836315
-0.12765883
-0.038678225
0.065586
0.06396636
0.07214603
-0.04091705
-0.12363159
-0.0596641
-0.011413223
-0.04248866
0.025919635
0.014711128
0.032146927
-0.0429089
-0.07810236
-0.0020453057
0.056950532
0.01321832
-1.323226E-4
-0.0041369684
0.0024160382
0.0034969656
-0.025584012
-0.0055719595
0.025708068
0.0573305
0.028707553
0.007320072
-0.015998527
0.034648243
-0.012841297
0.004941106
0.025575563
-0.018221278
0.026113637
0.0010336991
0.019694952
0.086907215
-0.014635288
0.033321813
0.018362861
0.081431024
0.050498236
0.0049579795
0.00608202
0.01636444
0.1870824
0.022979803
0.016290847
0.040022455
0.19227363
0.011416404
0.0046218284
0.008349156
0.033405136
0.085257694
0.011346099
0.020065377
-0.0020270823
0.07282764
0.025528835
-0.006264723
0.023097634
-0.012945102
0.026111504
0.0031022548
-0.009168587
0.02742421
-0.009523771
-0.0066046743
0.025636747
-0.0015106222
2.9133732E-4
-0.014556309
0.05261426
0.015653268
0.04212464
0.04859106
0.011424825
0.024452334
-5.9368846E-4
-0.0127854915
-0.011210054
0.015318991
0.019624338
-0.0330357
-1.2794456E-4
0.014461183
0.011110649
0.054455373
0.025001027
0.037863765
0.035166744
-0.034491096
0.037666958
0.0639019
0.0029458418
0.061262295
0.007889183
0.013596865
0.0016300717
-0.02476667
0.017285995
0.02173756
-0.022242151
-0.015231698
0.012591396
0.023947265
0.0040374845
0.06268053
0.046321604
0.005690428
0.047016397
-0.017774323
0.007399915
-0.009899533
-0.648671
