-0.049203303
-0.31543225
-0.0786181
-0.0326974
0.001406489
-0.06368592
-0.046048936
0.012947601
-0.007714519
-0.036110893
-0.029512258
-0.012547941
0.066136405
-0.07758165
-0.036478706
-0.004153811
-0.041283954
0.011572249
-0.02124753
0.097850025
-0.06612569
0.12784371
-0.02085435
0.0027616557
0.1817206
0.20438312
0.10241117
0.10525821
0.1443395
0.16845892
0.18900484
0.19632849
0.093709305
-0.0966863
0.0466869
-0.026833275
-0.046223175
-0.030915266
0.007495307
-0.020704674
0.049109474
-0.040729485
0.011624884
0.027894808
0.0014233168
0.0087432675
0.0043087387
-0.036553197
-0.029827246
0.0133720115
0.04250358
0.012444578
0.030916367
0.0103413835
-0.05503489
-0.09543165
0.027162723
0.0017315302
0.010714246
0.0066381856
-0.047084752
-0.019378517
0.054881655
-0.015494571
-0.042983636
-0.0074423584
0.014016028
-0.007078743
0.0034579057
-0.118617035
-0.04140512
-1.0863918E-4
0.03601857
0.018274233
0.051756296
0.019974662
-0.018239465
-0.030823791
0.013304729
-0.0022827014
0.0063906885
0.015543346
-4.0800526E-4
-0.029352633
0.033218298
-0.007315353
0.027464332
0.075592026
0.013106866
0.012524272
-0.015638929
0.013249606
0.011523249
-0.043428328
0.037666354
0.055781923
-0.0010251489
-0.014606891
-0.030815477
-0.06768585
-0.06501325
-0.05600244
-0.021932635
-0.0016912724
-0.001106552
-0.05489632
-0.0642339
0.012689448
-0.05492772
-0.052329425
-0.013303887
0.0046072775
-0.022243906
-0.0422962
-0.074089624
-0.0689327
-0.00772584
-0.014056706
-0.013059626
0.06778682
0.02518859
-0.045969218
0.022568958
0.006195667
-0.00622583
0.0064835553
0.01668309
0.07913236
0.02412157
-0.0077937683
-0.043689582
-0.001026842
0.008195078
0.01576171
0.0134517765
0.0064034355
0.047129437
-7.3199644E-4
-0.0066418066
-0.044878177
0.03655374
0.12788515
0.06685484
-0.06756662
-0.07695414
-0.06482732
0.01274739
-0.0080453055
-0.10816243
0.030161187
0.0410196
-0.04493736
-0.007388525
-0.030483339
0.0575454
0.0411047
-0.09741511
-0.0019001629
0.025164805
-0.06478328
-0.085612334
-0.07272482
0.06149305
0.11681192
0.037934493
-0.03309742
-0.010430851
-0.0053499904
0.036888268
0.01590934
0.012729347
0.021349367
-0.005246353
0.00505539
-0.04608205
0.020406542
0.023076601
0.02794378
-0.0369388
0.014675612
-0.0022774679
0.010011667
0.00770375
0.010100634
0.10137025
0.057664454
-0.051462423
-0.02947782
-0.05721288
-0.059990946
-0.055867016
0.035363797
0.0686725
0.074415416
-0.0077055707
-0.1470476
-0.012599308
0.0149368085
-0.018371774
-0.15056634
-0.0023004364
0.085631266
0.068843976
0.04819332
-0.072705664
-0.058392677
-0.053797003
-0.0342364
-0.04939909
0.049264066
0.09013871
0.0026660906
0.0053725797
0.0050831223
1.9166258E-4
0.018900553
-0.03540003
0.038517322
0.015250345
0.022968337
-0.010006553
0.006363845
-0.0069276374
-0.04343611
-6.0404796E-4
-0.03354068
-0.0139608355
0.01223062
-0.020147325
0.0129866265
0.00563526
-0.011792991
-0.02452981
-0.0031973543
0.03456975
0.017393379
0.04862187
-0.010160186
0.030769639
0.045121647
0.020508287
0.0038547404
0.09806662
-0.007893078
0.004221837
0.05222727
0.0119788805
-0.008384609
0.033733618
0.029537989
0.01910207
-0.0037423035
-0.02646528
-0.0073743034
0.011733964
-0.005734973
-0.019148443
0.015131652
-0.03752687
-0.02684644
5.9191487E-4
-0.036765095
-0.009246609
0.007947598
-0.009510968
-0.62669826
