0.076953374
0.0143256355
0.5274424
0.26401642
0.18852288
-0.31681624
-0.91945636
0.2816815
0.3726583
-0.22155602
0.73045355
-0.5474943
0.2834649
0.35017008
-0.2058277
-0.16216484
-0.023508132
0.0113879
-0.23012157
-0.1717878
0.5103517
0.39371294
0.2566343
-0.41166213
0.06057721
0.010340099
0.15501392
0.83058053
0.09446849
-0.33425537
-0.5308691
0.2471033
0.2579279
-0.79288226
0.1367146
0.09861389
0.24779613
0.31150073
-0.2819395
-0.35567474
0.52937424
-0.45782924
0.37561685
-0.23304036
-0.36030957
0.11980349
0.017409
0.36011872
-0.5733517
0.85152465
-0.079948366
0.20493822
-0.17592204
-0.29806548
0.363392
0.3498764
-0.27266258
-0.19598733
0.41547877
-0.4215971
0.5655197
-0.3451186
-0.44144014
0.013688584
-0.41524604
0.25843814
-0.44467548
0.5766543
-0.9707881
-0.13551651
0.55751836
0.28556898
-0.20474952
0.63956463
-0.09447351
0.101492226
-0.84113556
-0.40249375
-0.21783262
0.73725826
1.0180155
-0.18867876
-0.3922774
0.09469041
-0.1863639
-0.44224507
-0.4110241
0.100044355
-0.43386453
-0.35846016
-0.8854694
0.6667682
-0.4806466
-0.62046766
0.8332578
0.67561895
-0.6072327
-0.3165854
0.18823789
0.16220282
0.55593216
-0.23374134
0.40406784
-0.084077805
-0.6394797
0.76245
-0.26867822
0.14006698
0.5960685
-0.66767144
0.69368756
0.050431415
0.07662642
-0.106107324
-0.41638178
0.46083352
0.13459902
-4.0308456E-4
-0.7532548
0.14334837
0.33010256
1.1403143
-0.36052424
0.41995096
0.33464378
-0.15139277
-0.35011187
-0.022563988
-0.7695443
0.21602732
-0.4341997
-0.47923234
0.5740878
-0.3877425
-0.31729528
0.20149106
0.016259836
0.20740172
-0.1585466
-0.20622745
-0.21352002
0.020453647
-0.14340906
-0.14975595
-0.07047547
0.1439877
-0.10104846
0.31998676
-0.70853543
0.3843677
0.013068972
0.3823284
-0.12847488
-0.22115168
0.29376584
0.007963449
0.45578942
-0.6160024
1.2257789
-0.43418378
-0.41872054
0.32480827
-0.51239324
-0.71176624
0.19454184
-0.54738045
0.27010646
-0.024129914
0.5515995
-0.03252894
0.27547514
-0.53261745
-0.22234094
-0.06773277
0.59900796
-0.20313327
0.389668
-0.6425786
-0.5668725
0.05361756
0.19487493
0.45118332
-0.14342982
-1.0345268
0.6738782
-0.9136532
-0.24204317
-0.16404913
0.12362885
0.08649996
0.69808614
0.40072283
0.7103933
1.0613663
-0.2718203
0.22113878
0.13530907
0.64291507
0.6131764
0.29721802
0.4446926
-0.9353174
0.3327544
-0.51589763
0.32925662
0.9428407
0.69575757
-0.25506625
-0.17446972
0.02180044
-0.03547863
-0.4337432
0.5827846
0.0067731505
-0.21330146
-0.67668265
0.20172115
0.6716081
-0.27317184
0.7149981
5.8859494E-4
0.58140504
-0.27555606
-0.08676932
0.38331938
-0.15547875
-0.5568654
0.7288115
-0.53786933
-0.14011806
-0.0405171
-0.7661655
-0.49834833
-0.03243505
0.63396555
-0.35578817
0.7387196
-0.340319
0.620993
-0.11970215
0.23954038
-0.99355185
0.95177954
-0.6455768
0.28730243
0.10037231
-1.0045404
0.5047826
-0.1239268
0.5417882
0.2066648
0.071676955
-0.5408678
-0.6639275
0.27634287
-0.9370284
-0.81885016
-0.32995266
0.7705157
-0.48319912
-0.3532475
0.008388954
-0.5916148
-0.5765012
-0.29712927
0.32876578
0.14509094
-0.29076117
0.23567837
-1.0073668
0.18240595
-0.5105216
0.35987622
0.42768058
-0.096549384
-0.36912227
0.73134553
-0.45958957
0.30374643
0.42325094
0.32447076
-0.033093162
-0.20362832
-0.14575559
-0.79860723
0.19129375
-0.5858694
0.2836184
-0.3015313
1.2902907
-0.037235502
-0.452982
-0.5202099
0.21503268
-0.4734391
0.7992431
0.10672616
0.06430154
-0.6209873
0.037158452
-0.07446596
-0.7240914
-0.59174234
0.93671703
0.2645547
-0.07569157
-0.43462652
0.36359534
-0.6383979
0.5400008
0.025149498
0.40379316
-0.3127429
0.10386355
-0.7205341
0.5000698
-0.20877498
0.44336814
-0.2800389
0.23198572
-0.6011888
0.772009
0.14598085
-0.84140944
-0.4166414
1.059369
0.11794939
0.47872713
-0.44142953
0.887803
-0.5971987
0.25933835
-0.025405968
0.07422286
-0.19211294
-0.28051063
-0.57821053
0.4762616
0.3012364
0.5277545
-0.032836296
-0.42299455
-1.0422909
0.7458919
-0.16250752
-0.9062095
1.0708143
0.30985937
0.14880127
0.6449852
-0.85745525
0.68803126
-1.0906185
-0.19309248
-0.13757257
0.4535928
0.6096578
0.3932559
0.25170633
-0.7261689
-0.2636673
-0.08656359
0.7880844
-0.30704236
0.22716573
0.61128455
-1.0760069
0.4119353
-0.7710951
0.18616892
0.61577624
0.5630562
-0.36459225
0.2930433
-0.6469293
-0.08444004
1.0087161
-0.662163
0.44197
-0.7081835
-0.19742815
-0.41741344
0.43363515
0.11397938
0.59904504
-0.06327137
-0.39268494
-0.82262766
-0.7599667
-0.11560698
-0.43840918
0.20010336
-0.19253105
-0.06456872
-0.33090967
0.06991894
-0.036830418
0.4702939
-0.4998012
0.20210661
0.36600596
-0.6524561
-0.17080794
-0.5248881
-0.20006385
0.41302234
-0.39579013
0.92402077
0.62566364
-1.1210318
-0.31899598
-0.0048382045
-0.48616195
0.3595571
0.4431127
0.25393823
-0.23843025
-0.08311898
-0.37000805
0.8635263
-0.34432274
-0.793516
0.6309175
-0.8126911
0.39519316
0.51123667
-0.23375307
-0.30873406
0.19240662
-0.086464845
0.44056597
0.14073911
-0.5091882
0.038894936
0.14037114
-0.3148924
-0.24713145
0.5168538
-0.29660416
-0.093617104
0.3635705
0.77040815
-0.20345727
0.114178225
0.68490016
-1.1177225
0.16184826
-0.01341605
-0.012486002
-0.17537408
0.9372031
0.87839013
0.6168615
0.26347688
0.51970553
-1.064148
0.4033381
0.19076702
-0.23637158
0.69106513
-0.038893517
-0.08240203
0.57653844
0.3919814
-0.18129243
-0.3148425
0.06311141
-0.039983492
-0.24717303
-0.5189061
0.20534217
0.5857554
-0.3879457
0.111987814
-0.6071983
-0.40884453
0.1394419
0.058739956
-0.12413838
0.2293266
0.2975694
0.38676766
-0.65250474
-0.12775119
-0.08913405
-0.43297637
0.54405636
0.08647255
0.1147312
-0.47838753
0.31985232
-0.18451647
-0.055765472
-0.3536089
0.34997946
0.23701002
-0.52703977
-0.3357843
-0.025886817
0.24543841
0.032951716
0.02070132
0.14528978
-0.24287891
0.1746319
-0.91515785
0.7617743
1.0838175
-0.13565585
0.67207545
-0.33374217
0.1705587
-0.50765735
0.5557
-0.17912892
-0.05595613
-0.4093659
1.099077
-0.64751667
-0.19670078
-0.23851736
0.35942346
-1.0164744
0.6367365
-0.26810524
-0.013263368
-0.4884705
-0.51845825
-0.27715153
0.7032647
0.80103827
0.7164163
-0.33232263
-0.33334455
0.2678154
0.08870161
0.5112152
-0.056598444
0.42064428
0.023359159
0.04593623
-0.7244098
0.0112810135
0.13925718
0.064135656
-0.7453019
0.03235413
-0.04090775
0.22717488
0.62967163
0.09726798
0.22008482
-0.3159407
0.31436282
-0.39180222
0.07309628
-0.2536386
0.023025205
0.9535823
0.07927357
-0.4882441
1.0915518
-0.3506689
0.02937702
-0.53006256
0.2652253
-0.026079206
0.13976805
-0.7616578
0.99233353
-0.85841435
0.10323374
-0.42631522
-0.5868102
-0.2695495
0.5888195
-0.097516485
0.48075065
0.21006268
-0.044455994
-0.009788096
-0.5143561
0.47825018
-0.14286347
0.2598325
0.004124614
-0.5393291
1.184244
-0.27807796
-0.025341514
-0.32518056
0.23846184
-0.0682339
0.84021467
-0.7692848
-0.15638424
0.08492265
0.30546913
-0.12689383
-0.41024056
-0.76878244
-0.1134278
0.38310418
-0.10233312
-0.8671807
0.091211155
0.6634239
-0.11764648
0.55132806
0.15136746
-0.2323287
0.55942655
-0.27792898
-0.36069363
-0.32325473
0.20209734
0.011581273
0.40408275
0.36884025
0.31534383
0.19699332
-0.080536224
-0.26760054
0.16494343
-0.063834324
-1.2752916
0.1191326
0.2892227
-0.052340653
-0.6233426
0.50547063
-0.6219396
-0.7334943
-1.1458943
0.65934026
0.8564491
0.32942495
-0.44763747
-0.45208946
0.6802513
0.33042583
-1.1513832
-0.59808254
-0.22720526
-0.42288437
-0.3347461
0.48926187
-0.3497516
-0.22017272
0.7542469
0.57953924
-0.75070655
-0.58698833
0.62586087
0.7645193
-0.13876158
-0.33340627
0.52354825
0.36325756
-0.66625535
-0.40972963
-0.28310287
0.48047075
0.4196991
0.50712526
0.11274605
-0.058686603
-0.54346997
0.20186235
-0.2501158
0.17143744
0.21970953
-0.29191834
1.1472552
-0.62674946
-0.21689384
-0.34841248
0.56966233
0.012921739
0.26378396
0.33452123
-0.5156716
0.37722686
-0.48330107
0.024584524
-0.4955131
-0.11032617
-0.2618535
0.33171627
0.4096133
-0.33312935
0.030993963
0.12392081
-0.3769126
0.06953412
0.32686946
0.18163314
0.086009495
-0.53805417
-0.19940203
0.287732
0.03496218
-0.1673109
-0.38544095
0.76914096
-0.7587886
0.017298598
-0.026813269
0.86065274
0.012866675
-0.70273244
-0.011352814
0.21030605
-0.32109997
-0.20353693
0.102760844
0.61985254
0.64926225
-0.025103372
-0.54861957
0.15913388
-0.4106395
-0.33281642
0.43362936
0.2331017
-0.39875722
0.16312386
-0.10618251
0.3890776
0.12069339
-0.33878365
0.7649361
-0.70477384
-0.33640474
-0.4792448
0.08659501
0.60105324
-0.1050336
-0.010908965
-0.3896638
0.41985118
-0.6305277
-0.01783299
-0.45216274
-0.071941234
-0.4599714
0.0044005886
-0.2141023
-0.18093622
0.93898827
-0.31111354
0.72188175
0.16875002
-0.18925385
0.31710562
0.09815964
-0.13609055
0.014978033
0.09870575
-0.12299383
0.25337055
-0.015437846
0.11593852
-0.31867188
-0.76140946
0.14063321
0.18732323
0.48422337
0.12124803
0.81065285
-0.42818448
0.119624
-0.59993714
0.3846332
-0.034661293
0.19237001
0.009877209
-0.29157612
0.42163998
-0.98231316
0.12661374
-0.6172872
0.5842083
-0.26145124
0.5422652
0.60618854
-0.104379006
-0.6201864
0.6041528
-0.6850126
0.7118348
-0.51091754
0.23764457
-0.19583966
0.25246513
-0.3765645
0.71625143
0.31986725
0.6302099
-0.22383402
0.14369732
-0.7117869
0.38929877
0.58626795
-0.48952913
0.25010318
0.23864312
0.093442895
0.3402096
-0.39778125
-0.61854583
1.0340794
-0.04161014
0.15542606
-0.08132043
0.09980958
-0.27194008
-0.67938536
0.08250697
0.3007673
0.29204658
-0.34507948
-0.10537794
-0.009041008
0.57947737
0.33287027
-0.091127545
-0.2683419
0.4916314
-0.42060217
-0.4725461
0.33407322
0.08242514
-0.8211175
0.5612309
0.50981396
0.698874
-0.61114055
-0.29901952
-0.35890895
0.6384653
0.558331
-0.3430098
0.48610818
0.54681474
-0.0869504
0.5577573
-0.114015654
-0.3290296
0.21453348
-0.2960932
0.27100417
1.1107893
-0.8797687
0.06493539
0.20789553
0.59899354
-0.4089191
-0.480035
-0.02852309
-0.3963758
-0.030137058
0.7238615
-0.3972841
-0.524973
-0.11624995
-0.2833239
0.061052732
0.5347682
-0.30328852
0.72469485
-0.6109781
-0.12620695
0.88087577
-0.0992174
-0.8586551
-0.2946234
-0.5325007
0.097888336
0.028089643
0.17965564
0.08648713
-0.2817435
-0.14846396
0.40897855
-0.2448239
0.46114448
-0.19805175
-0.87669736
-0.22555782
0.6229223
0.481212
0.15274964
0.1784563
-0.097414576
0.414948
0.36618397
0.13909402
-0.7732569
0.77026606
0.044720467
-0.3897901
-0.38806155
0.27236652
-0.6216971
-0.54481846
-0.6927866
0.72547925
-0.72375125
0.41921765
0.23826951
-0.3822047
-0.23521286
0.27790222
-0.74225366
0.96948665
-0.41616207
6.2803034E-4
0.04078537
-0.22861104
-0.22388731
-0.18628356
0.7294433
-0.080751754
0.66969717
-0.4130683
-0.048734356
-0.31587124
-0.1286901
-0.15519011
0.72581685
-0.45718467
0.10402376
-0.21772246
0.06821926
0.2540809
0.59138876
-0.7740639
-0.14403051
-0.53397214
-0.044541985
0.22604896
0.11790786
0.022452557
-0.04523134
0.046364635
-0.74800855
0.54338187
0.07310933
0.46115243
-0.6489589
0.8110693
-0.4285949
0.2709516
0.35663378
0.17787291
-1.2243642
0.43958414
-0.66833204
0.10655433
-0.41056713
-0.5807014
0.5607508
0.48714772
-0.040312923
0.78347754
0.1688029
-0.5706903
0.047302216
0.2970931
0.20392002
-0.42151508
0.37397492
-0.5933663
0.11513367
0.337728
0.36430708
0.47455263
-0.41826385
-0.51916164
-0.27378434
0.2633692
-0.5634715
0.37669402
0.34136885
-0.44827068
-0.63222533
-0.12122425
0.4981693
0.12500782
-0.0428818
0.16287807
-0.04860897
0.7379173
-0.24651481
0.93771017
-0.423823
-0.1703765
-0.4797229
-0.30458087
-0.20409139
0.85331297
0.12055575
0.7298721
-0.3203471
0.0026015993
0.099951096
-0.18312377
0.9559077
0.26512682
0.028817236
-0.12108283
-0.110931456
0.50390005
0.49321684
-0.6521905
-0.49110615
0.69978166
-0.47459993
-0.03965977
0.20394546
-0.31180075
0.68078494
0.54473656
0.027136758
0.48765472
-0.17762096
-0.87511045
-0.6402244
-0.531737
0.20624006
0.31614423
-0.1384733
-0.6284199
0.7549048
0.06192047
0.19463696
-0.5981766
0.10571303
0.02276102
0.03233627
-0.17309326
-0.96739405
-0.46727872
0.3236072
0.2979005
0.08682032
0.190387
-0.08278819
0.05236095
-0.7249639
0.38361183
-0.2344216
0.025985759
0.4901735
0.10017424
-0.30915534
0.3481928
0.07683508
0.7059531
-0.5819567
-0.52944964
0.494779
0.1715317
0.25852734
-0.00513334
-0.5726075
-0.47978258
0.041437548
0.41170746
0.31708917
0.4863498
-0.1203711
-0.7277839
-0.3659414
0.24174249
-0.065541096
-0.72791886
0.2682834
-0.57561934
0.11300954
-0.02122281
0.020581078
0.29543594
0.09925232
0.22859614
-0.702741
-0.39868227
-0.75360286
0.79815584
0.16217382
0.32791433
0.6677142
-0.33340174
0.50561875
-0.3479664
-0.14887099
0.36182818
-0.4592109
0.45122066
0.035808127
-0.2337064
-0.5493023
0.3062111
0.2395434
0.25246096
-0.034644812
0.40990937
-0.7747675
0.52251977
-0.69916797
0.22253534
-0.49920374
0.21215339
0.16087835
-0.30121437
-0.4632802
0.5296873
-0.54897296
0.3198196
0.5795631
-0.095253155
0.36834404
-0.37524402
-0.7096484
0.13159975
0.22375032
-1.1784048
-0.3278298
-0.14691505
0.14139234
0.76699245
-0.34915859
-0.6909687
-0.2179271
-0.1422779
-1.0156788
0.83028746
0.87337375
-0.07101705
0.27896148
0.55074215
0.27436858
0.63681823
0.07842489
-0.3579003
-0.026890663
0.07338139
0.33571684
0.030320637
-0.13840352
-0.7559371
0.4826031
-0.8598348
0.43855086
-0.122875
0.36919406
0.5890202
-0.9169393
0.30860418
0.89985967
-0.27957076
-0.35951158
-0.20880492
0.91579056
0.6223063
0.123214915
-0.47878483
0.090218775
0.10415227
-0.6649625
-0.0034515704
-0.46661493
-0.43921003
0.3604227
-0.22210115
0.09700132
-0.23736298
-0.20810775
0.2614957
-0.0734616
-0.41279727
0.46722502
0.18767944
-0.26766774
0.061578866
-0.48032117
0.3349311
-0.39565924
0.07106352
-0.7264895
0.56938803
-0.643885
0.12602657
-0.85614353
-0.92862
0.20894907
0.14642549
-0.7898992
0.9033295
0.5810101
-0.46764162
0.57303154
-0.6294473
-0.33352602
0.641036
-0.35188264
-0.15873219
-0.18782218
0.5707599
-0.66194093
0.5542538
-0.116431236
0.33776617
-0.2646612
0.8818082
0.18872614
0.22878492
0.69860584
0.14151505
-0.41897914
0.42207164
0.344881
0.066614
-0.291073
-0.2616748
0.46711215
0.19392723
-0.7738101
-0.3790546
0.24178009
-0.32473144
0.6382236
0.49726987
-0.1842329
0.28955853
-0.77935535
0.13092346
0.050335716
-0.8230131
0.25392398
0.120115615
-0.7796667
-0.050347906
0.017530045
-0.23783015
-0.1863208
-0.14172202
0.27171764
0.12898973
0.8093765
-0.5833663
-0.614214
0.7199879
0.21353163
-0.967636
-0.0073205107
0.07857427
-0.15380843
0.597862
-0.64453167
0.31817326
0.06252726
0.13154766
-0.5884072
-0.32674295
0.14231507
0.34730488
-0.25743642
-0.19827168
0.3062263
-0.5191485
-0.022358919
-0.01335414
-0.81181693
-0.14536004
0.1456641
-0.3292354
-0.5098792
-0.3271777
-0.38195693
-0.84458816
0.1319408
-0.956483
0.9921625
-0.9745441
0.3157074
-0.17379113
-0.48146042
0.5254314
-0.49569002
0.45122576
0.23485327
0.20174527
0.38911843
0.28195426
0.13274801
-1.2217966
0.40585896
0.57696027
-0.38380933
0.35275093
0.14721109
0.110915385
0.028421188
-0.44714695
0.5177107
-0.9544884
0.1933242
0.06659472
-0.16057661
-0.9546245
0.2446968
-0.27511236
-0.45729128
0.049382083
0.10560626
-0.9175335
0.003163295
-0.22027324
-0.470872
-0.29986534
-0.10789203
-0.07754261
0.050074376
0.39211848
0.29809573
-0.3846632
0.44210306
-0.15706204
-0.47584766
-0.20106229
0.01435929
-0.28428668
-0.33937386
0.54763573
0.06700474
-0.031863354
0.17509513
-0.44039667
0.25036988
0.15830798
0.88993376
0.5849771
0.49255124
0.57337564
-0.9036262
-0.4219266
0.23089139
-0.28336254
-0.017243689
0.06740124
-0.5798985
0.20062582
-0.42869252
-0.51092124
0.46795988
0.39726654
-0.65272725
0.35462463
-0.11842756
0.60255605
0.72708714
-0.4119484
0.7124287
-0.56659544
-0.54068094
-0.5330834
-1.0545874
0.0020681496
-0.47322223
0.40306032
-0.04545871
0.052861333
-0.41968375
-0.022865485
-0.41604757
0.3058687
0.7413565
-0.06324902
-0.09233633
-0.07847774
7.4392016E-4
-0.15743402
-0.6115807
0.26057813
-0.13328719
0.29575467
0.29386687
-0.7572973
-0.67648333
1.0037181
-0.016056273
0.5235029
0.56429696
-0.7049521
0.29654095
-0.38460493
0.5192809
0.062494498
0.52200955
0.5858731
-0.12718482
0.8528234
-0.27748427
0.13692103
0.41568816
-1.3607954
-0.5579749
0.73040575
0.36205974
1.0360433
-0.8065595
0.03564924
0.0855565
0.2847078
0.29126507
0.16052942
0.010891323
-0.049707845
-0.8377714
-0.47574466
-0.038926546
0.34276545
-0.6906873
0.50130093
-0.28784522
0.48502228
0.1998665
-0.07082715
0.48904833
0.16056736
0.10879666
-0.50791246
0.3525765
0.069972925
-0.26837003
0.029700238
0.29600137
-0.3441931
0.69637847
-0.3964137
-0.6126981
-0.34810364
-0.14392273
-0.61727804
-0.6730686
-0.3912048
-0.032737985
-0.48341438
-0.08605022
0.19918665
-0.42873183
0.4363951
0.14980331
0.33408645
-0.15374383
-0.047621634
0.073878326
-0.50206405
0.52232385
0.18876569
-0.5228791
-0.10134667
-0.6391893
0.28560123
-0.8073127
0.11915888
-0.17617859
-0.6493347
-0.56240565
0.37962657
-0.63401383
0.5723126
-1.0248291
0.55768037
-0.52812105
-0.3370979
-0.11634505
0.51660836
0.48116812
-0.4824445
-0.18312417
-0.52982706
0.36925155
0.3248345
-0.36996368
0.6582963
0.4487894
-0.46064168
0.33794618
-0.18784446
-0.06866277
0.028824013
0.18387352
0.6847877
-0.8078857
-0.026078692
-1.0453792
-0.8184098
0.57323635
-0.20848395
0.25707272
-0.06383149
-0.7203525
-0.36601302
-0.29200613
-0.06701748
-0.26699096
0.50147855
0.04661192
-0.14359778
0.3732251
0.28549924
0.94044995
-0.2310432
0.49087712
-0.11306534
0.52015215
-3.3831154E-4
-0.3242224
-0.12922835
-0.22128719
-0.3862947
-0.12798332
0.16620684
0.7794868
0.69336635
-0.68635565
0.24373399
-0.12952754
0.5796879
0.6820658
0.429616
0.71894807
-0.6411612
0.50073457
-0.17538853
-0.68941694
0.38934153
0.5844642
-0.22377266
0.42861095
-0.42136264
0.11029283
0.0034515706
1.0884651
-0.95997256
0.36102045
-0.6250171
0.63216335
-0.54286224
-0.58864546
0.36947674
0.31457648
-0.3747626
-0.3378116
0.19254152
-0.084689975
-0.30717108
0.37909764
0.26733887
0.72518516
0.19276363
-0.026230276
0.21313043
-0.2564854
-0.58075416
0.25399986
0.82446754
0.37056276
0.31212994
-0.68752724
-0.02802437
-0.65522206
-0.032674987
-0.40586028
0.50614643
-0.012764262
-0.04286246
0.61659783
-0.3385406
-0.37039226
-0.19260897
0.6060622
-0.60107905
0.3484754
-0.071820796
-0.40142843
0.10674574
-0.9915737
0.04245214
-0.41437843
-0.2541756
0.5880697
-0.29328024
0.23449872
-1.100833
0.5538706
-0.04876633
0.01437173
-0.7074901
0.31744492
-0.18727836
0.3189249
0.76615185
0.61187834
-0.76476526
0.037794773
-0.6560095
0.017428802
0.3948816
-0.15164743
-0.008373587
-0.8356977
-0.34734303
0.17526847
-0.6368391
-0.22462113
0.07844099
0.6563486
0.05618688
0.8725225
0.38052908
-0.61278206
-0.6359687
-0.41350463
0.11453158
-0.1290298
0.27384478
1.1196779
0.32283345
-0.6051562
0.6079643
0.30351964
0.68636996
0.5821213
-0.45672774
0.6813369
-0.11376518
0.13842933
0.6717939
0.217389
-0.4523538
0.3900346
-0.6343392
0.28925928
0.4829373
0.28861332
-0.012616881
-0.036182694
0.011362137
-0.21285388
-0.6525427
0.16422172
0.17049737
0.6262754
0.5062176
-0.07694615
-0.5979188
0.38025355
0.53910244
-0.8965471
0.3102928
-0.1106195
0.4934148
0.608918
0.4559813
-0.6770664
-0.45936033
-1.0228065
0.13634926
0.19281587
0.45339656
0.45497692
-0.7288932
-0.1157083
0.32960233
0.57824564
0.40385428
0.4592467
0.49224058
-0.50109565
0.9225485
-0.15846045
0.34923735
-0.29147008
-0.3905175
0.48303366
0.035440452
-0.0755197
0.52387154
0.34432647
-0.17681259
-0.31628385
-0.13972831
0.46197137
-0.103005156
-0.17120701
0.06588927
-0.06602984
0.4179286
0.1891086
-0.585642
0.08106161
0.38988724
-0.36755925
-0.4857354
0.014640752
-0.5884329
0.3318864
-0.2486493
-0.4041564
0.19886743
-0.4435513
-0.25494143
0.62165105
0.35740954
-0.9496019
-0.013983292
-0.48004693
0.07400226
-0.40873665
0.16693981
0.05706015
-0.24039906
0.6378917
-0.1593965
0.21357381
-0.85684395
-0.6131035
-0.08446229
0.34300166
0.435447
-0.0030141117
0.67500156
0.98177195
-0.49368325
0.8726988
0.58217186
-0.7148748
-0.5867674
0.7773812
0.04220915
0.27367225
0.6832963
-0.13217242
0.19503514
-0.37209615
0.23870255
0.04092767
0.07735304
0.21798873
0.5018243
-0.66236216
0.14299625
0.67116195
0.6061334
-0.6102906
0.0052651833
0.36772648
0.60835344
-0.45978263
0.54657024
-0.5122164
-0.17199752
-0.515828
0.76989734
0.024392342
-0.07625548
0.2937124
0.7781489
-0.4908217
-0.18431051
0.5894758
0.955737
0.33782002
0.40792075
0.18253635
-0.58142847
0.22646372
0.6593803
0.092991985
0.07501188
-0.4779083
1.0747368
0.18003611
0.2343086
0.01491713
0.3341583
-0.29852122
0.48498926
-0.34928662
0.39363882
0.5238024
0.23967186
-0.13195798
-0.23150857
0.5458445
-0.6176055
0.44289693
-0.6072943
-0.6027019
0.14160956
-0.112077676
-0.15706395
0.47038895
-0.18515164
-0.08812265
0.02378544
0.49074018
0.64676446
0.5815467
-0.18314824
0.8016944
0.22089607
0.016962536
-0.5272384
0.07217015
-1.1767664
0.08402779
-0.8841718
-0.031322833
0.026893025
-0.43253568
0.053995855
0.40934306
-0.94270563
0.49776486
-0.6064886
0.23428723
0.13106053
0.120317854
-7.310853E-4
-0.3028719
0.058784842
1.2426975
0.16229112
0.7571171
0.01562946
-0.6535585
0.44942167
0.50428796
0.93959916
0.3102265
-0.4458648
0.10019129
0.5190995
-0.3008631
-0.52384794
-0.10353096
-0.15361391
-0.35441208
-0.4817741
0.3228635
-0.42486203
-0.50350356
-0.058231987
0.018493189
-0.6731799
0.34714958
0.12031381
-0.522405
-0.5160435
0.78475326
-0.38772914
-0.06529669
0.9717743
-0.2435826
0.15636504
-0.3231029
0.26315436
0.3456919
-0.8130079
-0.24313097
0.8148226
-0.69555277
0.31939518
-0.40359473
-0.10937207
0.14827868
0.21505843
-0.08622192
0.9162246
0.05164368
-0.22069094
0.3406782
0.6558163
-0.991702
0.30750453
0.71552986
-0.14839815
0.39797708
0.046963
-0.30620608
-0.35284203
0.51600224
-0.35919535
0.93480927
-1.1752719
0.12307424
0.4873226
-0.17167473
-0.29187205
1.2607262
-0.16679867
-0.4880588
-0.34157103
-0.09365701
0.38937053
-0.18710193
0.78216046
-0.21499623
0.8241131
-0.5838601
0.866217
-0.13775302
1.0063711
-0.51531297
-0.18585889
0.86564916
-0.44574746
-0.1201129
0.5602338
-0.017353935
0.026058763
-0.5085139
0.30467314
-0.40773338
0.017691413
0.758273
-0.4209515
0.31823042
0.41228962
0.249211
0.03170103
0.24563876
0.32336566
-0.3223062
0.025517678
0.4286636
-0.06803265
-0.13864872
-0.2375102
0.107041955
-0.6300299
-0.0035228776
-0.07232053
-0.024538144
-0.95992285
0.15575884
-0.5472058
0.46958363
-0.70027345
0.34583208
-0.517199
0.39217496
-0.21267803
0.85626227
-0.81686467
0.19604822
-0.5968009
0.23290351
-0.023546329
-0.06066277
-0.53088295
0.050460644
-0.16933577
-0.6766274
0.5282436
0.4612554
0.6396244
-0.7305999
0.50413066
0.13727026
-0.11686433
-0.6433215
0.21033332
-0.2732488
-0.12258318
0.23449329
-0.93285197
0.08286585
0.3737668
-0.5079227
0.710732
0.6561955
0.6672761
-0.4414725
-0.44183302
0.4077974
-0.2315683
-0.2860449
0.17086408
0.17103736
0.35864213
-0.043176807
-0.9830998
0.40440795
-0.20237246
-0.090076655
-0.19136938
-0.4835486
-0.25310156
-0.40333688
0.03508015
-0.22178525
-0.77934384
0.46962628
-0.6650747
-0.2090361
0.3424441
0.7058674
0.8263572
0.112968646
0.18933278
0.14324172
-0.46719772
-0.40613884
0.10350982
0.52094615
-0.4901809
-0.09823576
0.47461128
0.2630377
-0.39857507
0.5257407
0.27795756
-0.0126254065
0.49168006
0.14686246
-0.048711877
0.28304765
0.40033734
0.0045540608
-0.14337024
-0.25547057
0.23368467
-0.0040036933
0.5052219
-0.10008081
0.8469659
-0.46956283
-0.32854265
0.5462401
-0.1584653
0.11898473
0.3389372
-0.403019
-0.14653653
-0.656
0.2693215
0.7774512
0.82354
-0.103531376
0.8287677
-0.6579344
-0.57110393
-0.33573171
-0.647342
-0.3281965
-0.14725253
-0.13859779
0.68845093
-0.1174779
0.002044208
0.1676757
0.09456252
0.42594877
-0.16277382
-0.045188356
0.058862537
0.15245314
0.02048158
0.41830462
0.76799387
0.4084406
0.23237161
0.13021885
0.2502266
-0.36973113
0.51290596
0.27792963
0.35738304
-0.007791126
0.71404827
-0.37943888
-0.6318544
-0.62930053
0.8408382
-0.31808397
-0.40898833
-0.21223794
0.013904761
-0.6715008
0.24689585
0.06663244
-0.40762722
-0.0069477437
0.3340878
-0.096128955
0.5711499
-0.8856343
0.119354315
-0.35818052
-0.5828121
0.11927633
-0.43742922
0.1199986
0.78592944
0.3511127
-1.1637715
-0.5763153
-0.25992912
0.72175974
0.0127926385
-0.44996798
0.4798823
0.21499139
-0.020622086
0.6155822
0.37894905
0.5084557
0.41087312
0.16223949
-0.08768122
0.18251377
-0.038440537
-0.067662105
-0.34264016
0.14539129
0.011288359
0.30408782
0.7324408
0.15818086
0.7254148
-0.16736645
-0.06434648
-0.6733567
0.94470567
-0.751619
0.095801346
0.11325271
-0.30944952
-0.36379197
0.07091393
0.36009508
0.3091859
-0.43301865
-0.70237404
0.21862265
0.5649601
0.57689697
-0.0015682138
0.16807558
-0.20263591
-0.475019
-0.2602382
0.3893842
0.063107155
-0.9415148
-0.11062313
-0.9243223
0.38753772
-0.24229759
-0.7049565
0.67344946
0.38292095
-0.7790272
0.16547783
0.70241183
-0.15423328
-0.2524982
-0.575962
0.3921129
-0.64533603
0.18594539
0.2696475
-0.5113273
0.49626264
-0.22796261
-8.6105894E-4
-0.27201957
-0.49650177
0.024676017
-0.77738
-0.009490928
-0.68370473
0.55396724
-0.6473383
0.7668979
-0.73902076
-0.35903808
-0.13871612
0.48554212
-0.16958597
0.16166455
-0.38452616
-0.6195258
0.4492539
-0.18011215
-0.79186916
-0.52161866
-3.3245274E-4
0.3143893
0.061896294
-0.6545795
-0.06150235
-0.51827
0.053835865
0.08461032
0.14023964
0.40517312
-0.7223952
-0.30105996
0.16064979
0.114867575
-0.044067662
-0.20507152
-0.048563004
0.90628105
0.21554706
-0.16374746
0.95308286
0.6187757
0.2756811
-0.30064157
0.1720935
-0.16508773
-0.16212174
0.26129588
0.48125258
0.5279813
0.07672092
0.013460702
0.55429906
0.28355408
-0.35104644
0.6170248
-0.011594499
0.5991809
-0.36088166
-0.67473614
-0.43638718
0.510184
-0.078902975
0.59849745
0.30693963
-0.74206924
0.44732726
-0.23348184
-0.2864644
0.26885623
0.23897244
-0.6617101
0.52184224
-0.47619152
0.9455118
-0.8735072
-0.10332692
-0.31123734
-0.3793003
0.3971861
-0.23160397
0.5728915
-0.92002714
-0.33015
-0.42179188
-0.24048476
0.3161383
0.15545507
0.2905976
0.3805157
0.30248857
0.18852206
-0.6913574
0.2228408
-1.1541758
-0.34093198
-0.7490173
0.28027904
0.6157586
-0.09437232
0.20706871
0.1822511
-0.4898016
-0.10057563
0.4026712
-0.66347516
-0.29186258
0.5049575
0.4364695
-0.039323915
-0.090067625
-0.89172703
-0.7680904
-0.48227873
0.17806265
0.09937318
-0.015758287
-0.8896158
0.32312077
-0.51270807
-0.42712975
-0.3963689
-0.4972015
-0.083024785
0.64183563
-0.6721374
-0.25125962
0.023214718
-0.13482612
-0.16789925
0.10717934
0.048009343
0.040846482
0.3112333
0.011163835
-0.53370494
0.11668609
-0.18979414
0.77354425
-0.8510346
0.6683716
-0.15142933
0.3413753
0.34372938
0.7061435
-0.69402874
-0.81115353
-0.42135978
0.03269653
0.34086463
0.33512217
-0.23937145
0.6694304
0.50736
-0.8213433
0.3756955
-0.34070745
0.31957507
-0.015188695
-0.0028046558
0.19596167
-0.2785023
0.3380967
0.05841419
-0.40633458
0.14048505
-0.48578498
-0.4224317
0.5602957
0.24053262
0.19538485
0.29020375
-0.8301372
-0.22503315
0.4154149
0.48151204
0.18773593
-0.5340999
-0.007917625
-0.13932155
-0.8599722
0.5639054
0.1971291
-0.16089322
0.4449358
0.5431601
0.050781075
0.25491568
0.15403306
-0.096049376
0.014925803
0.1446696
-0.9441855
0.60684127
-0.5596126
-0.1914629
0.41596702
-0.613814
0.6042059
0.030171936
0.5489098
-0.074002355
-0.5688621
-0.014678599
-0.1500943
-0.12997583
-0.33770058
0.3411156
0.58161056
0.119937874
0.18927127
-0.6631137
0.19248295
-1.0653608
0.43899038
1.0460676
-0.16343847
-0.7883919
-0.12045279
-0.9005832
0.27197847
0.11879818
0.15096518
-0.4673153
0.67209494
0.14017156
-0.28970784
0.06902767
0.2885739
-0.26089224
0.21305004
0.043989204
-0.77352816
-0.29124856
0.014625806
-0.0018725253
-0.020307345
0.71758616
-0.5394127
0.3942398
-0.6106051
0.022134626
-0.57824934
0.75985444
-0.3194767
0.48376092
0.05495235
0.034479447
0.40996367
-0.42511588
1.1218626
-0.679015
-0.13574551
-0.075345315
-0.36786273
-0.8178957
0.6355122
0.76303935
-0.7645418
0.1065019
-0.011851503
-0.06986321
-0.4425115
-0.16353008
0.62152904
-0.38279405
0.61387384
0.05028832
0.23095928
-0.26654583
0.14631325
0.29212618
0.116159774
0.13942552
-0.029653274
0.037964296
0.144224
1.0854015
-0.5734785
-0.8090311
0.6667621
0.7890737
0.2495336
0.5193918
0.23542829
-0.19577965
-0.3609847
-0.31018955
-0.23775941
-0.012927018
0.11911995
-0.23809324
0.7038059
-0.2872812
0.11591639
-0.4449757
0.4152181
-0.01845846
-0.4662623
0.09255548
-0.22241993
-0.25265545
0.24526943
0.073948145
0.1927482
0.86364126
-0.25734538
0.3993784
-0.75462806
0.27102318
-0.5059725
0.008878967
0.72782004
-0.3227467
-0.05985829
0.30691102
0.25652805
0.3248822
-0.3105219
-0.10680329
-0.010247278
0.5752835
-0.03281916
0.65972066
-0.23944034
0.11517584
0.6770391
-0.54442376
-0.60282934
-0.357455
-0.07814246
0.30944663
-0.06288775
0.7150725
-0.61954904
0.25963587
-0.49058434
0.42433903
0.6209088
-0.76992625
-0.4078046
-0.41754687
-0.031004936
0.39041638
-0.05095775
0.3124953
-0.7450872
0.122042455
-0.5111489
0.5904969
-0.02428238
-0.25731653
0.62883836
-0.1390075
-0.4369505
-0.5342127
0.20294832
0.16107482
0.010757135
0.0077349604
-0.27404144
-0.5523387
0.14096184
-0.58285385
0.06564516
0.95218116
-0.47946277
0.08722726
0.1520084
-0.7137914
0.62050694
-0.2638592
0.27496076
-0.5841586
0.6259676
0.9250926
-0.7333914
0.27279955
-0.51883113
0.14745541
-0.4511588
0.89612013
0.21816838
0.43875712
-0.1434393
0.11739918
-0.09903537
-0.060456216
-0.35251018
-0.08685134
-1.0712187
0.5659423
-0.5374395
0.06850509
-0.5531157
0.26803416
-0.28499904
-0.17511262
-0.94074464
0.8230286
0.8821726
-0.38264963
-0.23040433
0.16608517
0.38987124
-0.1937387
-0.4483877
1.0152053
0.10367551
-0.5419101
0.29072315
0.03934963
-0.16385865
-0.9676994
0.08570391
-0.44419786
-0.19537964
0.062378615
0.44033808
0.27956963
-0.70842206
-0.3547165
0.27148384
-0.4099526
0.2824079
0.13832992
-0.24436602
0.13233389
0.50268203
-0.81256986
-0.9402894
0.29258537
-0.5514616
0.36416394
-0.7511159
0.06637116
0.85369796
0.21467304
-0.578965
-0.26947471
-0.4640272
-0.03211427
0.20276329
0.12493554
0.35396048
-0.95915467
0.53246343
0.77878004
-0.09353949
-0.4627132
0.62809056
-0.6821985
1.008313
-0.80525064
0.082019955
0.85781384
-0.65233886
-0.12702265
-0.22587994
-0.8988739
0.22704364
-0.7277127
-0.37559292
0.44810992
-0.61397284
-0.070041105
-0.66954327
0.36785787
-0.49183878
-0.1890862
0.31960753
0.4679534
-0.42722657
-0.67908305
0.12646191
0.42627692
-0.14791004
-0.40799946
0.05971471
0.44586283
0.64075
0.5632012
-0.2920602
-0.7267881
0.33698758
-0.28845468
-0.59020436
0.3015438
-0.5507343
0.22316302
0.019802507
-0.74473
0.045899667
0.6101531
-0.7974761
0.6004758
0.43160036
-0.3039532
-0.3293465
-0.3005257
-0.37905237
-0.637713
0.42694706
0.018214114
-0.24100564
0.09165194
-0.110708185
0.46547836
0.09969735
-0.6098704
0.24972497
-0.856651
0.2813306
0.017290603
-0.8898346
0.107239105
0.01404715
0.67483795
-0.15904944
0.76273483
-0.7002665
-0.32669428
0.6156566
-0.3985679
0.25073352
-0.018221924
0.38561082
-0.8104076
0.2333118
0.21847236
0.8481115
-0.8171869
0.5051064
0.021683054
-0.2934457
0.4578169
-0.027288334
0.07675113
0.24745713
-0.0015833008
-0.15833622
0.49858025
-0.25395802
0.32547325
0.3939488
-0.27154598
0.7791292
0.0093022315
-0.017745232
0.034974154
0.91109717
-0.57071435
0.0025811763
0.024269478
0.3223817
0.19409847
-0.033412427
-0.10635653
0.53562975
0.16390045
-0.02214545
-0.04288646
-0.1665537
0.31176862
-0.38462353
0.024913676
1.0304452
0.22081725
-0.07428449
0.15779264
-0.30855724
0.32774305
-0.29538092
-0.8257632
-0.2495671
0.5548794
0.43998054
-0.31705576
-0.39361832
-0.036373913
-0.2219929
-0.55776304
-0.23863734
-0.5980602
0.74725837
-0.1450564
0.28685793
0.13269307
0.65849394
-0.37021065
0.57324356
0.038411908
-0.29195568
-0.73607445
-0.08975598
0.04100821
0.06297888
-1.1636107
0.30364436
0.09012323
-0.33956134
-0.3501414
-0.09189161
0.3775587
0.2460634
-0.3769255
0.08668013
-0.73849064
0.10216705
-0.9154715
-0.21716323
0.39278716
-0.5548
0.33594823
0.42471698
0.5141871
-1.2016226
0.38966653
-0.31032252
0.001186317
0.8313416
-0.063704565
-0.18734972
0.3231505
-0.26843572
0.72189814
1.0227199
-0.5155243
-0.13736214
-0.40718248
-0.7746255
-0.25005397
-0.04089435
-0.15206912
-0.23227978
-0.24964975
-0.11449227
0.119004995
-0.13808471
-0.44616336
0.6380382
-0.7050696
-0.119563274
0.5051782
-0.05576821
0.56370497
0.39744213
0.32952395
-0.44743246
0.12550189
-0.38766384
-0.035241373
-0.2341578
0.27877656
-0.011477679
-0.2740102
-0.28383723
0.40406203
0.18017514
-0.0140658785
0.3973252
0.6067445
0.11929697
-0.30397305
0.31476372
-0.2243579
0.19271563
-0.2319031
-0.32341462
-0.05983906
-0.34908095
0.50211143
-0.12896177
0.555705
-0.10535707
0.19412626
-0.41180855
-0.08567804
-0.36178473
-0.07205571
0.579356
0.5698096
-1.0447971
0.5971332
-0.765972
0.74565893
-0.77908665
0.077192575
0.031730533
0.46398228
0.022561945
0.3409307
0.36571234
0.2981814
0.57674307
0.36426663
-0.045416683
0.7336835
-0.028502276
0.93796766
0.04413312
0.6593742
0.7764858
-0.5417923
0.2813268
0.011987429
0.06407369
1.091624
-0.43673947
0.35150504
-0.6140972
-0.22867215
-0.74602544
0.5911983
0.19558059
0.52118725
-0.22858274
0.3007908
-0.6178415
0.07870808
1.0362439
-0.09782793
-0.04850225
-0.09126555
-0.3372461
0.4810708
-0.1274872
0.7440305
-0.6325544
-0.25969827
0.05056805
0.12977913
0.18824805
0.19802392
0.2588943
0.3501934
0.9516926
0.30107826
0.1895138
0.20430169
-0.6973929
0.8577156
0.41293448
0.44756505
-0.7813189
-0.39745873
0.68549454
-0.71752894
0.53140706
-0.022462571
0.5196839
-1.0271446
0.07318862
-0.7202628
0.72898614
-0.700232
0.42374805
0.1617365
-0.6364886
0.91048825
-0.53552586
0.54926765
-0.30303806
-0.21719252
0.39791664
-0.63571453
-0.295665
-0.18987474
0.48011127
-0.26988265
-0.051390294
0.18202743
0.72375774
-0.5455326
-0.39153767
0.14440256
0.34851298
-0.34061214
-0.33465573
0.32471752
-0.10188183
-0.15816866
0.67381305
0.14280833
-0.271879
0.5722044
-0.24402234
-0.40520486
0.047233433
-0.73595846
-0.4908413
0.25214484
-0.41003576
0.040397417
0.057083726
-0.6668287
0.62241036
-0.48597717
-0.00330944
0.31489205
-0.5059831
-0.21685474
0.3394048
0.43705204
-0.26546317
-0.61743295
-0.18462817
-0.6646495
0.79009265
-0.4040993
-0.65716803
-0.1184575
-0.41296667
-0.25937384
0.3545757
-0.1472055
-0.6913662
-0.06985574
-0.31840578
-0.71555436
0.70413566
-0.20055507
-0.949455
-0.39692244
-0.33873257
-0.6125171
-1.4544206
0.22989
0.16378422
0.545033
-0.404006
0.4647554
-0.114624575
-0.61231184
0.9021007
-0.2253539
-0.46902835
0.73174864
0.14850947
0.54622054
0.18608382
-0.4008274
0.05880904
-0.03499432
-0.07726188
0.005384451
-0.29089367
-0.3849716
0.32793987
0.03780956
-0.42273426
0.16427384
0.68747926
0.27789846
0.023928968
-0.072494976
-0.35308316
0.7449126
-0.5761106
0.5358753
0.20858358
0.5331543
-0.53405136
0.37262195
-0.8186054
-0.31476107
-0.06876979
0.40318048
0.33615488
0.48790005
1.1520305
-0.589548
0.40185955
0.010838232
0.79623216
0.6353274
0.09438177
-0.8154999
-0.34568775
0.1142456
0.8103576
0.026061594
-0.7385145
0.041646652
0.08782227
-0.11522842
0.73843956
0.32592893
0.3700513
-0.80069405
0.2504428
0.4346637
-0.07759052
-0.17478621
-0.1693829
-0.47194165
-0.40324676
0.8929443
0.7924064
-0.95918477
0.3541776
-0.779976
0.24239329
0.681779
-0.29978585
-0.14229457
0.81519437
-0.0149209155
-0.25798148
0.45169505
-0.1949519
0.95166874
0.07178041
0.65159744
-0.4539939
0.72694814
-0.17443202
0.16718447
0.0035902697
0.32480213
-0.07428204
-0.8148576
0.23296537
-0.28580317
-0.08239755
-0.3303981
0.5073707
-0.37790295
0.57149464
0.111070536
0.4288171
-0.43796918
0.6862006
9.641132E-4
-0.26393816
-0.19511084
0.3320923
-0.20075788
-0.25364602
-0.33078778
0.09514459
0.63844067
0.9523218
-0.5161432
0.965069
0.48957223
-0.5940399
-0.8956523
-0.22798184
0.07065679
0.55386674
0.09961445
-0.3309444
0.4773699
-0.02381864
0.018010931
0.25191224
0.30575323
-0.10518977
0.0368129
0.31372082
-0.16181648
0.6309665
-0.42096937
-0.3174405
0.08537187
-0.27082714
0.081204645
0.3125852
-1.0426228
0.43329263
-0.45624015
0.76186156
-0.76258004
0.66953933
-0.2616226
0.46692106
-0.45590726
0.31022042
0.14596288
0.16943978
-0.6784244
0.27243808
0.5071419
0.30942962
0.052343525
0.17683077
0.15676068
-0.49729547
0.56032044
0.64596474
-0.5805686
-0.2135332
-0.59072405
0.650542
-0.5167569
0.13008599
-0.5426228
-0.34895068
0.049044587
-0.40974247
-0.7563896
0.7716559
-0.18907192
0.09371008
-0.010215509
-0.6435792
0.55008775
-0.26158947
0.14341353
0.8305114
0.26407126
-0.2897744
0.70299333
-0.9323324
0.58442986
-0.11441117
0.3396864
0.08263709
-0.10472171
-0.25453526
-0.08945422
-0.12228678
0.36522162
-0.3754145
-0.48626912
0.33596888
-0.19600505
-0.7989626
0.6565535
0.43877903
-0.771517
0.60966295
-0.057562087
-0.24438328
-0.1877426
-0.17260838
-0.037606172
0.471344
-0.40318087
-0.58393574
0.2666946
-0.5096072
0.24004464
-0.86450976
0.062797956
-0.5596506
0.41972157
0.044158597
0.7491342
-0.8674877
0.42374623
-0.123243354
0.27697805
0.32815963
0.28633162
0.27452934
0.502309
-0.25822958
0.28867623
0.5595419
0.17993894
0.11347463
-0.069772616
0.30884007
-0.21383601
0.03502577
-0.46606123
-0.2785431
-0.43378586
0.26700652
-0.63917696
-0.6242185
0.52017957
0.75622106
-0.44325712
0.058942996
-0.4357308
0.16461861
-0.8111837
0.7649506
-0.35299513
-0.52100205
0.15594473
0.61450595
0.39208674
0.1792565
0.36342075
0.040639695
-0.41800004
-0.48051244
0.84579384
-0.23695208
-0.21010044
-0.25889012
-0.07231321
-0.42726174
0.46608987
0.71502525
-0.09409916
0.44087982
-0.48369625
0.2608876
0.009738786
-0.23841865
-0.05817559
0.16940394
0.68792653
0.4336002
-0.085623845
0.47619516
-0.18836583
0.11222603
0.030835506
0.5375296
-0.038188826
0.656471
-0.3594813
-0.732766
0.97312003
-0.711443
-0.530087
-0.12385124
-0.35720673
0.004252717
-0.32842994
0.8741387
-0.77477694
0.38207877
0.2955411
0.016145935
0.4416967
0.15966491
0.8228278
-0.6320984
0.5391012
0.7222535
0.05022558
-0.12828088
-0.4790245
-0.1195533
-0.042482167
0.24661458
0.09930697
0.006755702
0.5595768
-0.29588586
-0.46198738
-0.8522955
-0.16663627
-0.70474356
0.5501143
-0.2595547
-0.6786145
-0.035727743
0.35981342
-0.42405137
0.51276374
-0.712771
0.5647527
0.40074816
-0.65817535
0.06590882
-0.49396574
-0.5147125
0.7887797
0.001835529
-0.43388024
0.033085153
0.8181695
0.7200536
-0.976468
0.13486454
-0.46338016
0.48480687
-0.09274041
-0.116853476
0.3608457
0.4333915
-0.22676827
-0.2681576
0.13837887
0.06885023
-1.1108603
0.3670294
0.45387757
0.741436
0.3688065
0.4244821
-0.1894591
-0.08246171
-0.23484269
0.26264697
0.15497929
-0.03858826
0.7159252
-0.115404375
-0.15872164
0.17397545
-0.48274508
-0.47198728
-0.9796776
0.6544612
1.0888172
-0.32685444
0.312632
0.27302626
-0.2936352
0.46135628
-0.87032783
0.6877172
-0.34155756
0.46875134
0.33552256
0.2592129
0.5623424
-0.53106934
1.1150057
-0.50206393
0.3201226
0.24673168
-0.31914333
0.5831216
0.6007259
0.27331308
-0.80505097
0.38682356
0.100288026
-0.33881134
-0.14171258
0.35061443
0.25225273
-0.48500812
0.36144662
0.2319439
-0.5995152
-0.14791676
0.54447275
0.20950103
-0.44803324
0.2567371
-0.37568796
0.12328342
0.11560228
-0.71419394
0.350338
0.3396347
-0.7464695
0.21371855
-0.06551751
-0.40517512
-0.017502759
-0.024927085
-0.82564074
0.77626944
1.1805964
-0.04253276
-1.1193255
-0.036952328
-0.50719625
0.21707912
0.53108287
-0.04167396
0.36123908
0.61690253
-0.001851161
-0.6953125
-0.119490415
0.515861
-0.5084964
-0.6587261
0.14637013
-0.69339675
0.35517874
-0.33636522
-0.3004343
0.78656286
-1.1772655
0.7033286
-0.015437916
0.34401715
-0.72480965
0.0484278
0.7485496
-0.4460494
0.13629144
-0.4101987
-0.5903796
0.16242088
-0.20904513
0.66556185
-0.9157129
0.61408097
-0.38861808
0.6927793
0.1332553
0.8744877
-0.76244944
-0.6043445
0.50520027
-0.4804022
-0.084138036
0.5243294
-8.9435227E-4
-0.0048376587
0.39682376
-0.08427102
0.46133578
-0.31377727
0.44592622
-0.45810595
-0.29380593
0.14428884
0.28970283
0.46390605
0.20462269
-0.057399552
-0.27371076
-0.06766233
-0.27904427
0.5102287
0.33622333
0.36468023
-0.60095954
0.30076313
0.0064866897
-0.8766464
0.38797486
0.15899983
-0.6756479
0.563209
-0.30907258
0.7326731
-0.073209435
0.29941288
-0.036591653
-0.41473255
-0.5175514
0.41378194
-0.09137401
-0.019779634
-0.061147004
0.2059602
0.16247952
-0.10564277
0.67524564
0.3233702
0.1729349
0.7727364
0.6299911
-0.4853491
0.25496668
0.0077921185
-0.14722341
0.23821825
0.59011066
0.359826
-0.45139822
-0.07433518
-0.055300813
0.41925454
0.037319582
0.018753815
0.3729951
-0.6246919
0.35710067
-0.8243184
0.28985542
-0.085090816
-0.48350275
0.6015596
-0.11463198
-0.8052466
0.29460302
0.6824932
-0.37327525
-0.1377391
-0.50412303
-0.7520021
0.6376781
-0.23965143
-0.38055712
-0.6864559
0.86461186
-0.9231873
0.027454022
-0.26509038
0.061775986
0.7329816
-0.033376276
-0.17903955
-0.42736334
-0.09935468
0.2533321
0.725395
-0.013997855
0.91831654
0.32681715
0.15485115
0.2194261
-0.8657825
0.18942754
0.22580597
0.2364991
0.52401465
0.043054502
-0.82329154
-0.3208566
0.16986091
0.3580709
-0.3180283
-0.15656655
-0.0010484179
-0.5094159
-0.068029545
0.165512
0.20894827
0.38682714
-0.44677028
-0.07610389
0.11085626
0.19095545
0.121992044
0.5855048
-0.17231691
0.22649838
-0.4045864
-0.090394
0.18850969
-0.74265426
-0.44309103
0.5827774
-0.386224
0.689009
0.11374927
0.3182746
-0.2353803
0.06705953
-0.46924278
-0.052908543
-0.2902818
-0.31617233
0.35767922
0.5779531
0.38860834
-0.51878154
0.29607657
0.2567168
0.65591407
-0.32082587
0.23110862
0.37623635
-0.34555954
0.77376163
-0.085506216
0.16437694
0.27835628
0.4729744
-0.49598628
-0.529995
-0.0069943173
-0.07835834
-0.46498787
-0.041175764
0.11945373
-0.53108865
0.03243907
-0.048692815
0.39155304
-0.5309917
0.70695704
-0.34383586
-0.39490348
0.22365771
-0.13670292
0.0021033038
-0.7498875
0.07839673
-0.107706785
0.0702151
-0.34015718
0.47782108
-0.3061636
-0.18029036
-0.31124136
0.31477797
-1.137625
0.69468665
-0.7098184
-0.07672935
-0.08973261
-0.27984032
0.057348378
0.52225566
0.75434804
-0.9472684
0.1833687
-0.07513093
0.096829385
-0.112591654
-0.20040801
0.34603667
-0.13211678
0.4730989
0.47006676
-0.47088167
-0.6716939
0.9469122
-0.332815
0.5534113
-0.37629122
0.42515984
-1.4344307
-0.8708834
-0.26664296
-0.2751763
-0.75322044
0.10510777
-0.32842112
0.20691155
-0.09546232
-0.46132872
0.42856613
-0.92858326
0.08538796
0.07450168
-0.11981156
-0.1589432
1.2079464
0.056653112
-0.08320176
-0.79050773
0.07524885
0.092835635
-0.997202
0.4412983
-0.039472323
0.3862199
0.22668457
0.33227497
-0.2932613
0.167119
0.08254616
-0.17770047
-0.04793393
-0.114997834
-0.40917766
-0.13685295
0.077217445
-0.04230471
-0.38201645
-0.27993476
-0.37137386
-0.28046894
0.99930114
0.16187419
-0.6431606
-0.4379042
0.012562472
-0.23891516
0.17263353
0.6255282
-0.21942069
0.5700163
-0.10260033
-0.0438603
-0.22969222
0.6632254
-0.32069713
0.565299
0.6013649
-0.9721447
0.15487915
-0.47513387
0.25583604
-0.049943686
0.58962226
0.21620224
0.90906274
-0.13739555
0.50079805
1.1521401
-0.028764024
-0.55189717
-0.020111704
0.41217163
0.5878316
-0.10572651
0.555613
0.4021976
-0.10706498
0.007365303
-0.21640061
0.34299913
-0.47802675
-0.4784939
0.5744789
-0.13856314
0.49375194
0.77823114
0.4002931
-0.8951136
-0.63073087
0.34283888
0.19601382
-0.15782563
0.71697795
0.017758086
-0.2756632
-0.8141201
0.53025335
0.82430834
0.201429
0.4642202
0.17476307
0.58434016
0.011044753
0.3355461
0.12327385
0.08722695
0.9558777
0.118638925
0.4919703
-0.16338995
-0.48631713
0.8488173
1.0250608
-1.1559399
-0.66425085
0.44968036
-0.022934388
-0.4210801
-0.004730737
-0.4897191
-0.98420924
-0.47219163
0.23714109
0.088943765
0.41719073
-0.077684894
-0.13722774
-0.5379307
-0.030610116
0.4106837
-0.8643571
-0.43613967
-0.18504955
-0.58591944
0.70123464
-0.4323768
-0.5424474
0.35181928
-0.47162935
0.06769356
-0.21498229
-0.74675274
0.70791095
-0.14894938
0.240814
0.18853395
-0.9092126
0.6945818
0.112995036
-0.7256028
0.3053398
-0.13617586
0.0045117335
-0.43256745
-0.5390584
0.3276458
0.07205901
0.6298206
-0.5208117
-0.01516617
0.17284918
-0.56000847
-0.68719447
0.024579687
-0.13302055
0.24316335
-0.37344116
-0.50657713
-0.56839716
-0.8916279
-0.54590726
0.86988145
0.22820868
-0.92126375
0.41101158
-0.20813347
-0.7480057
0.111897096
0.06923081
0.42087737
-0.29486308
0.23281081
0.17149991
0.39536405
0.4735009
0.039628565
0.26062602
0.076176524
0.5579248
0.5023389
-0.27574217
0.6069005
0.0064443913
0.24534304
0.16759917
0.062935926
0.070768654
0.10030591
0.72616065
-0.08907168
-0.13031347
0.11649647
0.004298436
-0.42842212
0.50451386
0.5073589
-0.597597
0.02180492
0.318892
-0.0117337275
0.44531056
0.39977556
0.46263233
0.23013747
-0.80545044
-0.035445757
0.25308898
0.14490874
0.052636713
0.08994929
-0.031600967
0.7372522
-0.14149337
0.102903925
-0.45527154
0.55231833
-0.10199797
0.36883545
-0.08916476
-0.41551927
0.24694845
-0.43319163
-0.22367787
0.32576695
-0.10301493
0.106956854
0.9597783
-0.35273722
0.4439798
-0.23959246
0.303557
-0.26088592
0.5868364
-0.37052625
0.70532477
0.45628548
-0.6247736
-0.14218208
-0.11838718
-0.6570066
0.51745206
-0.90973055
-0.9483065
-0.12586494
0.5319716
-0.93262476
-0.43328026
-0.016146583
0.5665618
0.1910062
0.5358653
-0.3079932
-0.40553114
0.3616179
-0.36425155
0.052988477
0.21781543
-0.96711427
0.45693645
-0.9786242
-0.2668182
0.68232584
0.5074773
-0.018173922
-0.9494558
-0.07272413
0.13699926
0.21884336
0.2105488
0.10831072
0.28199607
-0.13265263
0.5787372
-1.024841
0.26150295
-0.55050665
-0.124348894
-0.1900966
-0.4577439
0.16450626
0.059009057
-0.39914143
-0.4399384
0.7772673
0.3742133
-0.30127284
-0.410717
0.63868195
-0.26010305
-0.7017765
0.2122855
-0.20501398
0.3032989
-0.17656957
0.4592097
-0.06974317
0.20540686
-0.9059863
-0.22583966
0.48014838
-0.85652137
0.40423688
0.09491911
-0.39469263
0.17693879
0.608782
0.105309844
-1.1448367
0.23270121
0.19192106
0.5032574
-0.17023303
0.14881371
-1.1008372
0.014366378
-0.30389917
0.457158
-0.41636756
0.104191385
0.46154025
-0.38553962
0.5250409
0.5964003
-0.90725636
0.5814688
-0.9655533
0.15015206
-0.3514177
0.24814607
-0.3915925
-0.27926153
-0.025296774
-1.2291462
0.22180887
-0.21733943
0.15059905
0.4452268
-0.07946781
0.13008222
0.028549735
-0.23086835
0.14384821
0.6923786
-0.10927178
0.4919638
-0.011713157
0.4704062
0.378923
0.13570593
-0.46599233
0.72583336
-0.3740974
0.7585316
-0.60383064
0.37725037
-0.35364974
-0.039215144
-0.41521072
0.6329223
-0.22404173
-0.48163563
0.07998397
0.3937532
0.43290925
-0.47948492
0.36395374
-0.32801828
0.09045092
0.06324079
0.7382521
0.20637444
-0.055707853
0.090043515
0.23728742
0.5819624
-0.5497217
0.24473427
-0.07647291
0.28560513
-0.1730674
0.29530126
-0.76755667
-0.44759876
-0.81043833
0.67720294
-0.2716166
0.17655417
0.46142575
-0.41657403
-1.0810372
